# wl (nm), spectrum (a.u.), gdd (fs^2)
1.149442826461950470e-06, 5.805595167878332095e-03, -1.286252856957607538e-25
1.148123144686448798e-06, 5.638310406737189612e-03, 7.475824777270523459e-26
1.146806489704010275e-06, 5.222278348611331979e-03, -1.811766689075960100e-26
1.145492851113283974e-06, 4.717167947479858001e-03, -1.041561695480478761e-25
1.144182218560522853e-06, 5.711458097157935329e-03, -1.183572719427420783e-26
1.142874581739310801e-06, 6.050657985090726089e-03, 3.543344025053213760e-26
1.141569930390293282e-06, 7.021944948464436780e-03, 6.951142036704363586e-26
1.140268254300908612e-06, 6.479405266394820846e-03, -5.210480479665680026e-26
1.138969543305121779e-06, 6.757141607634451798e-03, -2.270866751464637112e-26
1.137673787283159113e-06, 7.265619371395930573e-03, -6.031242990452393065e-26
1.136380976161246547e-06, 8.977035684283176525e-03, -5.072782395083528969e-26
1.135091099911347257e-06, 1.209870384426622175e-02, 1.742401516369033292e-25
1.133804148550903519e-06, 1.282204251810603601e-02, -1.666135166382558171e-25
1.132520112142578583e-06, 1.857252986947490261e-02, 8.977004091600152073e-26
1.131238980794001077e-06, 2.365989701754744531e-02, 2.424453961694810080e-26
1.129960744657510689e-06, 3.026092471443346185e-02, 6.937814814623985092e-26
1.128685393929906169e-06, 3.836224099779952240e-02, 8.083212848547289886e-27
1.127412918852195036e-06, 4.844735803558358062e-02, -2.621154099771413162e-27
1.126143309709343490e-06, 6.007793398019052600e-02, 3.050882014408026483e-27
1.124876556830030348e-06, 7.613707112271024535e-02, -7.968736605594043250e-27
1.123612650586400981e-06, 9.215677798039352553e-02, 1.045062995412711113e-26
1.122351581393823581e-06, 1.161460404386304018e-01, -4.423509987625476623e-27
1.121093339710646698e-06, 1.395259045419081079e-01, 1.257036261438602509e-27
1.119837916037958470e-06, 1.678513179013845780e-01, -1.133174078438391905e-27
1.118585300919347760e-06, 1.986178678443123458e-01, -1.255019143207422149e-27
1.117335484940666988e-06, 2.343700960597528693e-01, 1.952462883145568417e-27
1.116088458729795595e-06, 2.733699166156691174e-01, -7.192626539432287625e-28
1.114844212956406899e-06, 3.150166548656035959e-01, 6.156961759884430101e-28
1.113602738331733676e-06, 3.607219955076785833e-01, -3.146851710502636974e-28
1.112364025608339041e-06, 4.047596892099323274e-01, -6.039394592739522967e-29
1.111128065579885419e-06, 4.514750039774021451e-01, 1.309213716224907064e-28
1.109894849080906690e-06, 4.982603775817072145e-01, 2.653834441173487912e-28
1.108664366986582034e-06, 5.443307719914890486e-01, -6.098131512064598331e-28
1.107436610212510409e-06, 5.883020736895157032e-01, 6.698961822221244852e-28
1.106211569714487780e-06, 6.302417335765955198e-01, -8.582574372444870415e-28
1.104989236488283926e-06, 6.690532864352520814e-01, 2.203753852603649985e-28
1.103769601569422635e-06, 7.039278055271287471e-01, 4.071038166692697304e-28
1.102552656032962323e-06, 7.374230084284468800e-01, -2.011569678202517990e-30
1.101338390993278556e-06, 7.654400273838377622e-01, 2.785109779480667124e-28
1.100126797603847002e-06, 7.883310730730926918e-01, -6.439493361151587101e-28
1.098917867057029552e-06, 8.080277788446630360e-01, 4.439774219991735590e-28
1.097711590583860444e-06, 8.240992711270591631e-01, -6.420163487045323474e-28
1.096507959453834295e-06, 8.345510042250912086e-01, 4.554344760180105945e-28
1.095306964974695401e-06, 8.398865477139109137e-01, 4.389924405399407610e-28
1.094108598492228519e-06, 8.432430326100250895e-01, -3.018271571725494554e-28
1.092912851390051131e-06, 8.428564974840304647e-01, -4.189333340540925487e-28
1.091719715089406984e-06, 8.413541688349749359e-01, 8.464629631433429897e-29
1.090529181048960680e-06, 8.357878984659480315e-01, 4.258132525524318416e-28
1.089341240764593544e-06, 8.279164523646385110e-01, 3.339869982168341068e-28
1.088155885769202239e-06, 8.170798403629695450e-01, -1.176064617103471777e-27
1.086973107632496541e-06, 8.044081130779905386e-01, 3.666510096947160541e-28
1.085792897960800071e-06, 7.908691552235567190e-01, 8.508825805127819304e-28
1.084615248396851242e-06, 7.760256769433870883e-01, -8.647248215188573448e-28
1.083440150619606540e-06, 7.561621923786920885e-01, 7.520501805972510789e-29
1.082267596344044220e-06, 7.402155973709996228e-01, 2.884385980223968032e-28
1.081097577320969700e-06, 7.197882931400114703e-01, -6.017154767413372938e-29
1.079930085336821805e-06, 6.990344855197739848e-01, 4.721449139971862940e-29
1.078765112213481123e-06, 6.792361601516074820e-01, -1.783365639730260054e-28
1.077602649808078579e-06, 6.606008260832798573e-01, 4.366123398370024903e-28
1.076442690012806119e-06, 6.431340040780734180e-01, -9.344051474212534073e-28
1.075285224754727825e-06, 6.223616042642403645e-01, 5.373910836454718124e-28
1.074130245995592718e-06, 6.038286751285977250e-01, 1.549733596111919286e-28
1.072977745731649050e-06, 5.866982584247323329e-01, -2.919961892029414983e-28
1.071827715993458586e-06, 5.694677631263090900e-01, 8.152348746362473689e-28
1.070680148845714074e-06, 5.522967049948676044e-01, -1.082049126843009979e-27
1.069535036387055437e-06, 5.367781034260470374e-01, 7.746048590203152697e-28
1.068392370749889777e-06, 5.204221623581907208e-01, -6.684497408246892386e-28
1.067252144100210112e-06, 5.055855200324201881e-01, 2.467780213155928042e-28
1.066114348637416650e-06, 4.917164814784892313e-01, 5.646978468227421364e-28
1.064978976594139339e-06, 4.791075531340058813e-01, -7.075399460245126169e-28
1.063846020236060408e-06, 4.667569854130817486e-01, 5.897668838973013248e-28
1.062715471861739463e-06, 4.562102568946554415e-01, 3.403407519593435750e-28
1.061587323802438141e-06, 4.468923610389049506e-01, -1.268164440761849496e-27
1.060461568421947959e-06, 4.400581284616754130e-01, 5.071240821575806530e-28
1.059338198116416244e-06, 4.343462552105998853e-01, 3.325431531188110796e-29
1.058217205314176731e-06, 4.291246539731560783e-01, -3.886642106809791808e-28
1.057098582475578243e-06, 4.270220311968513371e-01, 2.012106999811603043e-27
1.055982322092816139e-06, 4.276042517615369909e-01, -2.927313845462596973e-27
1.054868416689764598e-06, 4.283487807162376093e-01, 1.604048633361009117e-27
1.053756858821809118e-06, 4.329472023210005904e-01, -1.777745555920992415e-28
1.052647641075680923e-06, 4.403537799078520720e-01, -1.631547737155104283e-28
1.051540756069292213e-06, 4.495041488595958867e-01, -3.256458317242404280e-28
1.050436196451572263e-06, 4.663850169701246884e-01, 7.998077009675457360e-28
1.049333954902305219e-06, 4.817509993656644007e-01, -1.226565773473394574e-27
1.048234024131967253e-06, 5.051240948991450042e-01, 1.093421293085400749e-27
1.047136396881567322e-06, 5.306887967528070016e-01, -3.433427554227086501e-28
1.046041065922486232e-06, 5.623413652022930531e-01, 5.502257621272209774e-28
1.044948024056318455e-06, 5.970619798134793044e-01, -1.148324319435004763e-27
1.043857264114715002e-06, 6.395458605993502577e-01, 1.138481469426623749e-27
1.042768778959225241e-06, 6.842013315363112413e-01, -3.446707778316849818e-28
1.041682561481142739e-06, 7.324247061450822605e-01, -2.271980271026764399e-28
1.040598604601349617e-06, 7.821892577128584101e-01, 7.440312590025376064e-29
1.039516901270163238e-06, 8.333803742074994414e-01, 2.288489216996629920e-28
1.038437444467182682e-06, 8.804028572447836209e-01, -1.464251531145427029e-28
1.037360227201137975e-06, 9.235184237496738557e-01, -3.958127042766425145e-28
1.036285242509737621e-06, 9.564984775882799939e-01, 6.487712277672323447e-28
1.035212483459520586e-06, 9.750706720309476605e-01, -8.693346912929966250e-28
1.034141943145705101e-06, 9.776543074620090978e-01, 8.477915297415123713e-28
1.033073614692042123e-06, 9.614676431744869634e-01, -4.719103882618659848e-28
1.032007491250667534e-06, 9.230905782824424533e-01, 2.435875750019557954e-29
1.030943566001955386e-06, 8.676571955690929316e-01, 3.193646464396738644e-28
1.029881832154373696e-06, 7.980727047577863553e-01, 2.540835913389653701e-28
1.028822282944338335e-06, 7.131357954911582420e-01, -5.894077724910101274e-28
1.027764911636070935e-06, 6.229248206248968467e-01, -3.909863559107724931e-28
1.026709711521454894e-06, 5.314008242031383888e-01, 1.510487860112958553e-27
1.025656675919894347e-06, 4.408438010516627092e-01, -8.570678132593748307e-28
1.024605798178173134e-06, 3.562033037877434527e-01, -4.831951745773226362e-28
1.023557071670314191e-06, 2.805981530140818636e-01, 4.746419449972677097e-28
1.022510489797440640e-06, 2.184459954625234124e-01, -5.933118223531004992e-28
1.021466045987637294e-06, 1.645186860814141505e-01, 7.921559195009459853e-28
1.020423733695813231e-06, 1.240258348053595444e-01, 1.615583052035329669e-27
1.019383546403564572e-06, 8.961712273935941442e-02, -6.489110737682550140e-28
1.018345477619039591e-06, 6.439951335527971388e-02, -3.095352660828953804e-27
1.017309520876802557e-06, 4.627047028273836154e-02, 1.712291298019012334e-26
1.016275669737700109e-06, 3.151761589889429810e-02, -1.132979673249767013e-25
1.015243917788727645e-06, 2.362297560271600649e-02, -3.823403917406292039e-26
1.014214258642897386e-06, 1.614014127293755124e-02, -9.708880218093740433e-26
1.013186685939105403e-06, 1.108601614436353563e-02, 7.230379799302835815e-26
1.012161193342000953e-06, 8.293550004865420794e-03, 1.003848761045964479e-26
1.011137774541857312e-06, 6.823783409569871873e-03, 2.303401292216315056e-26
1.010116423254441328e-06, 6.430360140894689561e-03, 1.864428817556563292e-25
1.009097133220884890e-06, 5.764152605846366816e-03, -4.288451944931647793e-26
1.008079898207557442e-06, 5.641906884925619245e-03, -1.586235930042968780e-25
1.007064712005938508e-06, 5.331165480122661803e-03, 3.288175000602268789e-25
1.006051568432491909e-06, 5.408987567725647393e-03, -2.936769479412212704e-25
1.005040461328539553e-06, 5.531285809525002956e-03, -5.486850256008414337e-26
1.004031384560137345e-06, 5.525845948048014808e-03, 1.202039118048427210e-25
1.003024332017950675e-06, 4.437701456242983122e-03, 3.303613211039235048e-26
1.002019297617131172e-06, 5.509328417980427148e-03, -3.900920814692258498e-26
1.001016275297194096e-06, 4.602216194195634519e-03, -6.826137260255922144e-26
1.000015259021896792e-06, 4.830240681915470673e-03, 8.556522948839113413e-26
9.990162427791177741e-07, 5.817911961660125926e-03, 1.291900085785744455e-26
9.980192205807355977e-07, 5.265197039568601106e-03, -5.242766241998709289e-26
9.970241864625094314e-07, 5.734149443625020416e-03, 4.737325997349298784e-26
9.960311344839611055e-07, 5.537959746375629121e-03, -2.105852807821213660e-26
9.950400587282556813e-07, 5.571648302486771100e-03, 2.179367242549303931e-26
9.940509533020843481e-07, 5.067234625363778444e-03, -1.299877582926161536e-26
9.930638123355481686e-07, 5.747712664253360956e-03, 2.977193485904127796e-26
9.920786299820405527e-07, 5.554670432585295109e-03, 5.920541946378907128e-26
9.910954004181337548e-07, 5.343911986975975574e-03, -2.135467699017942304e-25
9.901141178434621958e-07, 4.585061120103693134e-03, 1.474916384470842497e-25
9.891347764806102306e-07, 5.426926377480923575e-03, -8.175587986605337251e-26
9.881573705749969518e-07, 5.172115388559770863e-03, 1.075696810900493933e-25
9.871818943947648048e-07, 6.086655336192642145e-03, 1.875956488288026709e-26
9.862083422306675680e-07, 5.303583718053766355e-03, -8.262452001993130874e-26
9.852367083959574852e-07, 5.839054538335569471e-03, 1.541123405814437944e-26
9.842669872262764221e-07, 4.557498461722752151e-03, -8.424805508761584445e-26
9.832991730795446935e-07, 5.108508844925171814e-03, 1.604478090393884844e-25
9.823332603358515837e-07, 5.365586217470231373e-03, -1.373256717496489298e-25
9.813692433973473503e-07, 4.900134715937320279e-03, 6.430272600263734512e-26
9.804071166881341683e-07, 5.110585196953747536e-03, -1.449273774813756006e-26
9.794468746541596162e-07, 4.976394566681179715e-03, -2.450673209847615357e-26
9.784885117631084671e-07, 4.966444335781315493e-03, -3.894536052592974998e-26
9.775320225042980803e-07, 5.273200915455423729e-03, 1.845973112134733439e-25
9.765774013885712517e-07, 5.879372361933143075e-03, -1.807764537225762003e-25
9.756246429481920287e-07, 5.412527430241848535e-03, 1.462495980167047447e-25
9.746737417367415250e-07, 5.209452340242624706e-03, 1.774294305297996723e-26
9.737246923290135240e-07, 5.848364788968434848e-03, -8.556819333210181636e-26
9.727774893209113524e-07, 5.561806861172432712e-03, -1.366268713295606661e-26
9.718321273293458129e-07, 6.117584398624971269e-03, -6.150168907593287235e-26
9.708886009921329048e-07, 5.577067646866815109e-03, -1.735435961452048761e-26
9.699469049678921799e-07, 5.146575591951821349e-03, 8.755693193720569381e-26
9.690070339359467931e-07, 5.884568609604855054e-03, 3.902569693479128114e-26
9.680689825962216464e-07, 6.046700674709270563e-03, 4.716551731413628347e-26
9.671327456691459798e-07, 5.325837853920855833e-03, -1.253490366709636038e-25
9.661983178955525751e-07, 5.912554293405601451e-03, 1.586267250629107195e-25
9.652656940365801345e-07, 5.595298103796653849e-03, -4.787156768723299227e-26
9.643348688735746022e-07, 5.098099742687132313e-03, -2.433691268349489381e-26
9.634058372079932370e-07, 5.379480925734326721e-03, -6.799913426579899017e-27
9.624785938613059336e-07, 5.049061737944516778e-03, -3.046028836053505776e-26
9.615531336749007782e-07, 5.242521480567294279e-03, 4.906522901265183336e-26
9.606294515099874867e-07, 5.137100048812962699e-03, -4.136313002824240304e-26
9.597075422475016901e-07, 5.400227891787495911e-03, 4.952248106121214513e-26
9.587874007880123959e-07, 5.702016344300963463e-03, -8.280873644861970160e-26
9.578690220516252151e-07, 5.724016972467484317e-03, -3.383500271064589402e-27
9.569524009778917291e-07, 5.491140046029753183e-03, -1.571367197859147962e-26
9.560375325257139871e-07, 4.363389938810662526e-03, -3.036131829579530116e-26
9.551244116732540850e-07, 5.426706520312065893e-03, 1.139316902494383449e-25
9.542130334178405687e-07, 4.802141384840637878e-03, -5.517397102960071757e-26
9.533033927758788602e-07, 5.384956929295500565e-03, 1.781698753520506665e-25
9.523954847827590364e-07, 5.447561853921744149e-03, -2.001405480661874679e-25
9.514893044927658328e-07, 5.427788389685762188e-03, -2.563920372829784812e-26
9.505848469789894925e-07, 5.330317106657711523e-03, 9.398178565797941375e-26
