# wl (nm), spectrum (a.u.), gdd (fs^2),phase
1.149442826461950470e-06, 5.904057470841667619e-03, -6.111827229017325784e-26, -6.602066658897867057e+01
1.148123144686448798e-06, 5.962981030008119264e-03, 5.473677791281608916e-26, -6.451707326916456964e+01
1.146806489704010275e-06, 5.806408955627675832e-03, -2.391651485351344499e-26, -6.418277978152076457e+01
1.145492851113283974e-06, 5.987541457997484426e-03, 5.329077855211868260e-26, -6.375659969881481004e+01
1.144182218560522853e-06, 6.168965225481176477e-03, -9.577815467935870610e-27, -6.555127861531042299e+01
1.142874581739310801e-06, 6.004074457047866437e-03, -3.818370460968252038e-26, -6.800866340931317211e+01
1.141569930390293282e-06, 6.281739668897014760e-03, 6.038289234269971609e-26, -6.562538486968846030e+01
1.140268254300908612e-06, 6.762354365668040920e-03, 2.235644956589301714e-26, -6.831225086238035260e+01
1.138969543305121779e-06, 7.492354032576700566e-03, 1.876561749535844300e-26, -6.733384950764960308e+01
1.137673787283159113e-06, 8.574777302579434171e-03, 7.524386636632343550e-26, -7.012605033125147713e+01
1.136380976161246547e-06, 9.913074865281288478e-03, 1.011093993246170864e-25, -6.812519275435032284e+01
1.135091099911347257e-06, 1.182420022354221598e-02, 9.488849815406690981e-26, -6.618888780278301454e+01
1.133804148550903519e-06, 1.509023869233301271e-02, 9.991435399145972214e-26, -6.355054260760218909e+01
1.132520112142578583e-06, 1.915496947932278024e-02, 1.089575521008542295e-25, -6.114117530006434720e+01
1.131238980794001077e-06, 2.418033857539140727e-02, 7.574633647919057386e-26, -5.894726484696091973e+01
1.129960744657510689e-06, 3.056071904904185399e-02, 3.710289880586052079e-26, -5.639926416902406459e+01
1.128685393929906169e-06, 3.916658535692921217e-02, 3.704596715839396250e-26, -5.390813021137039840e+01
1.127412918852195036e-06, 4.942840429100764377e-02, 2.683670929981949660e-27, -5.172055811107819068e+01
1.126143309709343490e-06, 6.175756830682549436e-02, 8.602878189723974880e-27, -4.929068821019667013e+01
1.124876556830030348e-06, 7.697441071114020927e-02, 9.332035597836965069e-27, -4.682423427769712276e+01
1.123612650586400981e-06, 9.545906741841538035e-02, -1.604652838200264973e-27, -4.449807116672771912e+01
1.122351581393823581e-06, 1.166944667433235244e-01, -5.334566989601904841e-28, -4.215370147339157825e+01
1.121093339710646698e-06, 1.417690280083804266e-01, 3.861730502636370978e-28, -3.964609690008170872e+01
1.119837916037958470e-06, 1.706482133727669492e-01, -8.586370405611741126e-29, -3.727561599523598801e+01
1.118585300919347760e-06, 2.030426608421432855e-01, -4.575318190741097148e-28, -3.484629448534082741e+01
1.117335484940666988e-06, 2.388719403640379713e-01, 2.386096226901586436e-28, -3.245560926857339723e+01
1.116088458729795595e-06, 2.784140694815736006e-01, 1.946745831642995422e-28, -3.003857716632451513e+01
1.114844212956406899e-06, 3.212363648481703637e-01, -5.523757206832727770e-28, -2.764059836044932439e+01
1.113602738331733676e-06, 3.660809716567985372e-01, 4.224589096978179611e-28, -2.526900254769710941e+01
1.112364025608339041e-06, 4.118460221846918512e-01, -2.409092410868739529e-29, -2.284179147133509602e+01
1.111128065579885419e-06, 4.594166519907685875e-01, -1.485764759316002514e-28, -2.046806883237032437e+01
1.109894849080906690e-06, 5.072531636079617989e-01, -7.474017867211873435e-29, -1.807638627455239444e+01
1.108664366986582034e-06, 5.535100624837571148e-01, 1.576583163661830001e-28, -1.568044502953540764e+01
1.107436610212510409e-06, 5.979450673950856832e-01, -1.560791659352576754e-28, -1.326802047895782088e+01
1.106211569714487780e-06, 6.413194672332352964e-01, -3.561358380092912886e-29, -1.087560821363152463e+01
1.104989236488283926e-06, 6.815247040214998941e-01, 1.299535525823089868e-28, -8.476040645596349066e+00
1.103769601569422635e-06, 7.171697168249043797e-01, -5.433088538483570700e-29, -6.083795688427425574e+00
1.102552656032962323e-06, 7.504305935259064642e-01, -2.845834567150977581e-29, -3.679562924512785660e+00
1.101338390993278556e-06, 7.797200526006347054e-01, -7.794492715834833278e-29, -1.289651821949121091e+00
1.100126797603847002e-06, 8.026885066374123134e-01, 1.221565292756667601e-28, 1.107721643702430647e+00
1.098917867057029552e-06, 8.223009645360642716e-01, -6.223381794369260279e-29, 3.511950627118453294e+00
1.097711590583860444e-06, 8.386327133077697837e-01, -9.076382598794640349e-29, 5.899845896924497346e+00
1.096507959453834295e-06, 8.493287690293772618e-01, -5.792142538035660136e-29, 8.302403166442712035e+00
1.095306964974695401e-06, 8.550063595124138827e-01, 3.948331987877951614e-28, 1.070086352413266084e+01
1.094108598492228519e-06, 8.595175027148358460e-01, -5.208730495598657755e-28, 1.310023282293510327e+01
1.092912851390051131e-06, 8.599580427445041586e-01, 2.817022288236944089e-28, 1.549539784453667579e+01
1.091719715089406984e-06, 8.559645723199228451e-01, 3.654281020371542493e-29, 1.790700284910443685e+01
1.090529181048960680e-06, 8.502064935793461897e-01, -2.544318765778487219e-28, 2.029422549579792090e+01
1.089341240764593544e-06, 8.429087976247849889e-01, 1.110477317694141435e-28, 2.268663932759775648e+01
1.088155885769202239e-06, 8.323965579611580790e-01, -1.360558115174834499e-28, 2.508898108234483715e+01
1.086973107632496541e-06, 8.193130715816315801e-01, 1.339335853822475363e-28, 2.748443736166133533e+01
1.085792897960800071e-06, 8.052508861152214426e-01, -8.307163177694423114e-29, 2.988498039360132097e+01
1.084615248396851242e-06, 7.898919392288156205e-01, 8.054278154573581018e-30, 3.227189156241001200e+01
1.083440150619606540e-06, 7.718181694586421226e-01, -6.933791497127293431e-29, 3.468569521760285568e+01
1.082267596344044220e-06, 7.529644888528818081e-01, 5.356437025336697027e-29, 3.706945425159197072e+01
1.081097577320969700e-06, 7.339960814037553849e-01, -1.399356693803196870e-28, 3.947822765012455193e+01
1.079930085336821805e-06, 7.138217923448273439e-01, 1.905596154908365524e-28, 4.185390507816580197e+01
1.078765112213481123e-06, 6.929163855527019633e-01, -3.342698892997078160e-28, 4.425611092273480551e+01
1.077602649808078579e-06, 6.738374373631419445e-01, 1.984454618037839681e-28, 4.665694154651962577e+01
1.076442690012806119e-06, 6.544036392296962434e-01, -1.804538618591120995e-29, 4.905083640085573649e+01
1.075285224754727825e-06, 6.347069152247393209e-01, -1.117065767673526470e-28, 5.145696145029727830e+01
1.074130245995592718e-06, 6.161140339578589087e-01, 1.395005369722418451e-28, 5.385650467655352713e+01
1.072977745731649050e-06, 5.983292259855509387e-01, -1.738887638546575173e-28, 5.622898984255175492e+01
1.071827715993458586e-06, 5.807421814662003801e-01, 3.381318521783937681e-29, 5.864354942364703049e+01
1.070680148845714074e-06, 5.635594000277451832e-01, -1.056149846886585107e-29, 6.103739306847219126e+01
1.069535036387055437e-06, 5.470718140667126805e-01, 7.950464924669661002e-29, 6.344225617027539954e+01
1.068392370749889777e-06, 5.313943980584086013e-01, -3.215270566296839003e-28, 6.581821734943810043e+01
1.067252144100210112e-06, 5.161016894865348981e-01, 1.616723678101624665e-28, 6.821175644721084552e+01
1.066114348637416650e-06, 5.021304192748727857e-01, 4.021139713166148799e-29, 7.061736003779708426e+01
1.064978976594139339e-06, 4.892233272063443161e-01, -8.977414879525955513e-29, 7.301846364846539927e+01
1.063846020236060408e-06, 4.768093772737692082e-01, 4.906212241650990310e-29, 7.539967855836042077e+01
1.062715471861739463e-06, 4.660672900883999215e-01, -1.190962151460041220e-28, 7.782176147053544923e+01
1.061587323802438141e-06, 4.572331259265084435e-01, 5.339387645990451903e-30, 8.019282376609996277e+01
1.060461568421947959e-06, 4.493284290882185172e-01, -1.611266960946585470e-28, 8.260775640131687680e+01
1.059338198116416244e-06, 4.428345443353696176e-01, 7.267525433786271353e-29, 8.496781405075080329e+01
1.058217205314176731e-06, 4.393172393134402443e-01, -7.636715797849968619e-31, 8.738494496992335314e+01
1.057098582475578243e-06, 4.366343677989118488e-01, 3.830548685839319266e-29, 8.976363881287838353e+01
1.055982322092816139e-06, 4.363755041692808923e-01, -2.779257871638831029e-28, 9.217736654159406839e+01
1.054868416689764598e-06, 4.386434535002349255e-01, 3.614030616603009435e-28, 9.457124686793427770e+01
1.053756858821809118e-06, 4.432610515592089184e-01, -4.605305999565868770e-28, 9.697362227974565485e+01
1.052647641075680923e-06, 4.502397465123214593e-01, 4.675767501048623459e-28, 9.936971663573245905e+01
1.051540756069292213e-06, 4.613644760499471809e-01, -5.170616899170961552e-28, 1.017695550464360821e+02
1.050436196451572263e-06, 4.756695043188638450e-01, 2.731001635896204966e-28, 1.041672907564382058e+02
1.049333954902305219e-06, 4.938330966075750172e-01, -5.781683766730270401e-29, 1.065709065828887674e+02
1.048234024131967253e-06, 5.163868284441363032e-01, 2.072654482019878893e-28, 1.089411980640204263e+02
1.047136396881567322e-06, 5.432429903345656896e-01, -4.823459465873543980e-28, 1.113384384842320429e+02
1.046041065922486232e-06, 5.750884122768543660e-01, 1.562683449420482635e-28, 1.137345300744699728e+02
1.044948024056318455e-06, 6.114265588017250286e-01, 1.531864572493082265e-28, 1.161268197849375383e+02
1.043857264114715002e-06, 6.527951287055426821e-01, -1.866482478006040855e-28, 1.185170053735652971e+02
1.042768778959225241e-06, 6.985090363972317196e-01, -1.615404586697285708e-28, 1.209083093671246019e+02
1.041682561481142739e-06, 7.479957550982164749e-01, 1.079462406302183663e-28, 1.232999037460128449e+02
1.040598604601349617e-06, 7.990994730616974850e-01, -1.447446287783694514e-29, 1.257036126884704714e+02
1.039516901270163238e-06, 8.509680703106392574e-01, -1.502806511903211159e-28, 1.280989879938566389e+02
1.038437444467182682e-06, 9.001940928873978232e-01, 1.391973284435697617e-28, 1.304886785894169634e+02
1.037360227201137975e-06, 9.431554328717529634e-01, -2.601759885022599414e-28, 1.328880577886513379e+02
1.036285242509737621e-06, 9.766486963143293787e-01, 7.313098040352674942e-29, 1.352726007192145516e+02
1.035212483459520586e-06, 9.959222967624468126e-01, -6.593822941080395414e-29, 1.376716593169063003e+02
1.034141943145705101e-06, 9.986863864099493338e-01, -4.851874065903279500e-29, 1.400687266662105515e+02
1.033073614692042123e-06, 9.816573363334359925e-01, 1.980725018264250381e-29, 1.424678652595321751e+02
1.032007491250667534e-06, 9.445378359189000594e-01, -1.373485467933591419e-28, 1.448580138368713790e+02
1.030943566001955386e-06, 8.881056279131341880e-01, 9.088972345950637812e-29, 1.472411526493328040e+02
1.029881832154373696e-06, 8.151459502132596402e-01, -1.605212889098709028e-28, 1.496497199698334555e+02
1.028822282944338335e-06, 7.298296676031523766e-01, 5.525094054001708106e-30, 1.520254944874747878e+02
1.027764911636070935e-06, 6.372608083696271741e-01, -1.122899543649025352e-28, 1.544203289592371675e+02
1.026709711521454894e-06, 5.424266361330126740e-01, 5.827200457363940623e-29, 1.568154532351261139e+02
1.025656675919894347e-06, 4.505486272013762838e-01, 6.545722613051441139e-29, 1.592192638252195707e+02
1.024605798178173134e-06, 3.649252040847677514e-01, -1.574913081689725590e-28, 1.615904146217272910e+02
1.023557071670314191e-06, 2.889652644741639853e-01, -4.053426493053707958e-28, 1.639792013826864832e+02
1.022510489797440640e-06, 2.237157545908798062e-01, 6.708922663198530949e-28, 1.663548849266797731e+02
1.021466045987637294e-06, 1.694238951252644010e-01, -7.376768750357216462e-28, 1.687608536814763340e+02
1.020423733695813231e-06, 1.262523941843375630e-01, -1.613828824046764981e-27, 1.712017056270734656e+02
1.019383546403564572e-06, 9.242924828977699958e-02, 2.707341449575582832e-27, 1.735093037953058683e+02
1.018345477619039591e-06, 6.623645124740755452e-02, -9.695865640308733028e-27, 1.758889067130475325e+02
1.017309520876802557e-06, 4.735272326048599323e-02, -3.597127392173237034e-26, 1.782127428456361997e+02
1.016275669737700109e-06, 3.322472730233451410e-02, -5.734158176606654998e-26, 1.807155294758894684e+02
1.015243917788727645e-06, 2.334494064445240963e-02, -1.092846074300012131e-25, 1.829896152339152025e+02
1.014214258642897386e-06, 1.685912932272942699e-02, -1.474664441673202994e-25, 1.802717137823486837e+02
1.013186685939105403e-06, 1.215339502843106913e-02, -1.243196382048551159e-25, 1.818040027779996421e+02
1.012161193342000953e-06, 9.375842340183447934e-03, -1.352848343327701873e-25, 1.822795327793119782e+02
1.011137774541857312e-06, 7.484459469940175913e-03, -4.746958388909378060e-26, 1.840193523400054403e+02
1.010116423254441328e-06, 6.799065546253340274e-03, -3.578455313030838244e-26, 1.829403347423079254e+02
1.009097133220884890e-06, 6.389389796037809113e-03, -2.473559782059524123e-26, 1.839599035002633798e+02
1.008079898207557442e-06, 6.006703538848572922e-03, -3.863230509948135756e-26, 1.814315126741511222e+02
1.007064712005938508e-06, 5.840905124209151179e-03, 3.134503464866330604e-26, 1.795483681707094661e+02
1.006051568432491909e-06, 5.980625762492875960e-03, 7.772972783410789624e-28, 1.823453229947214425e+02
1.005040461328539553e-06, 5.742568715550376741e-03, 6.796404005528629544e-27, 1.816028709155503975e+02
1.004031384560137345e-06, 5.852912796522035006e-03, -9.479946783169742616e-27, 1.785239794343136168e+02
1.003024332017950675e-06, 5.814817140626532890e-03, 7.313464653234909644e-27, 1.768650252809199799e+02
1.002019297617131172e-06, 6.081550275025884682e-03, -7.198310084278614611e-27, 1.759335555657019938e+02
1.001016275297194096e-06, 5.872868699583989535e-03, -1.279351205860734854e-26, 1.778075582299617281e+02
1.000015259021896792e-06, 5.952347070838979841e-03, -6.100992647510634102e-27, 1.797808161350786236e+02
9.990162427791177741e-07, 5.608384021394616226e-03, 2.043011303863658365e-26, 1.772045385971661062e+02
9.980192205807355977e-07, 5.819535042049886822e-03, -2.396139845740972945e-26, 1.792942374428410801e+02
9.970241864625094314e-07, 5.751008878103181475e-03, 9.161374903868131917e-27, 1.791534713331206206e+02
9.960311344839611055e-07, 5.759871660855374505e-03, 2.595489286772647934e-28, 1.800048096219690876e+02
9.950400587282556813e-07, 5.920398882939544721e-03, 2.427895757019486409e-27, 1.806204275801454173e+02
9.940509533020843481e-07, 5.713165169636515855e-03, -9.337243022984200941e-27, 1.798535415791366745e+02
9.930638123355481686e-07, 5.749930753900010447e-03, -1.648858563625678492e-26, 1.776139923863020726e+02
9.920786299820405527e-07, 5.749436711276308815e-03, 1.509241007820359107e-26, 1.801151097068167246e+02
9.910954004181337548e-07, 5.839602859649392630e-03, -2.849041204500348195e-26, 1.793780736051743361e+02
9.901141178434621958e-07, 5.655240272011831208e-03, 4.969769710049273753e-26, 1.790761187685105824e+02
9.891347764806102306e-07, 5.835813651873278905e-03, -7.098900833728770669e-27, 1.766800523276086778e+02
9.881573705749969518e-07, 5.624531741692359761e-03, -2.444114204840246650e-26, 1.768162953442479761e+02
9.871818943947648048e-07, 5.794648450053372507e-03, 1.905354229606369791e-26, 1.752179524604550238e+02
9.862083422306675680e-07, 5.686335196138011909e-03, 5.931430552887029569e-27, 1.751990745204858513e+02
9.852367083959574852e-07, 5.874157348087678115e-03, -1.483720746271828267e-26, 1.753327130152732707e+02
9.842669872262764221e-07, 5.718605319563649717e-03, -5.783971629211638814e-27, 1.768279237016131447e+02
9.832991730795446935e-07, 5.740924411219396756e-03, 1.004306020809081771e-26, 1.781390524738706063e+02
9.823332603358515837e-07, 5.832958335098850644e-03, -2.786725897973461952e-26, 1.762270510114207696e+02
9.813692433973473503e-07, 5.846834699138018718e-03, 2.379577828423139178e-26, 1.776375711651224663e+02
9.804071166881341683e-07, 5.816233782348367159e-03, 1.442557545288059265e-26, 1.754335237955575906e+02
9.794468746541596162e-07, 5.821132477410700078e-03, -3.063116315494477388e-27, 1.751850068916955081e+02
9.784885117631084671e-07, 5.895538928110689511e-03, -6.460841733891495040e-27, 1.765684473588913761e+02
9.775320225042980803e-07, 5.587432995085599673e-03, -1.508492836518702185e-26, 1.735838634269338741e+02
9.765774013885712517e-07, 5.655415299950401764e-03, -1.147619296355582899e-26, 1.709088742446267872e+02
9.756246429481920287e-07, 5.760969352789703166e-03, 3.217829726779439090e-26, 1.699620287655994275e+02
9.746737417367415250e-07, 5.634874435153701920e-03, -3.834068949305751423e-26, 1.686110178435466196e+02
9.737246923290135240e-07, 5.658726651662878381e-03, 3.837751097388920988e-26, 1.716777056297620732e+02
9.727774893209113524e-07, 5.500936755532780977e-03, -1.138015556590852763e-26, 1.698754114150636951e+02
9.718321273293458129e-07, 5.787702980438113112e-03, 4.642963805852067238e-26, 1.671458838468306567e+02
9.708886009921329048e-07, 5.597791515777729085e-03, -3.571196270164988583e-26, 1.684992135999481491e+02
9.699469049678921799e-07, 5.749144632319950175e-03, 4.126513539691182495e-27, 1.654295449963651095e+02
9.690070339359467931e-07, 5.803954411668753831e-03, -3.391045868088589521e-26, 1.642103886706704543e+02
9.680689825962216464e-07, 5.809370174319806318e-03, 3.968048931154476653e-26, 1.634201065116655514e+02
9.671327456691459798e-07, 5.799820530094330212e-03, 1.820981626986497772e-26, 1.635176114962202973e+02
9.661983178955525751e-07, 5.617026449404321706e-03, -4.203746882898605146e-26, 1.645117898677183064e+02
9.652656940365801345e-07, 5.808158183567699133e-03, -9.816299626543566603e-27, 1.629542826825344548e+02
9.643348688735746022e-07, 5.798887023736086846e-03, 2.892850751096932776e-26, 1.624528474447389499e+02
9.634058372079932370e-07, 5.692786644767525855e-03, -4.300165905384558623e-26, 1.597964772351175498e+02
9.624785938613059336e-07, 5.941731370777018038e-03, 2.599467580218412894e-26, 1.623389494238448663e+02
9.615531336749007782e-07, 5.837030759043077520e-03, 1.295549110456754651e-26, 1.649123817527888320e+02
9.606294515099874867e-07, 5.888325750085367759e-03, -1.939408566874588015e-26, 1.626367317870252975e+02
9.597075422475016901e-07, 5.834084207327993113e-03, 5.107654218417216161e-27, 1.635217076044682756e+02
9.587874007880123959e-07, 5.697642751913164702e-03, 2.510860442728242975e-26, 1.644125623593571675e+02
9.578690220516252151e-07, 5.689912576503288778e-03, -2.336806005603782347e-26, 1.625995818993965258e+02
9.569524009778917291e-07, 5.963359333851952701e-03, -7.984816422357621326e-27, 1.595281953559459964e+02
9.560375325257139871e-07, 5.747593132249227688e-03, -3.606388316795945973e-27, 1.608061057084644290e+02
9.551244116732540850e-07, 5.649158244038249288e-03, 2.219629308854745031e-26, 1.594957940900946767e+02
9.542130334178405687e-07, 5.694940673264334806e-03, -1.275269049961885347e-26, 1.598085785624920163e+02
9.533033927758788602e-07, 5.775660333868692410e-03, 4.109106115719097164e-26, 1.617280882490243812e+02
9.523954847827590364e-07, 5.838257274313349288e-03, -2.650205262410667922e-26, 1.595914050463741489e+02
9.514893044927658328e-07, 5.777476259338315719e-03, -5.700241652111308064e-27, 1.592728557940037604e+02
9.505848469789894925e-07, 5.751505229752293218e-03, 1.362638346969248456e-26, 1.600404646244904256e+02
