# wl (nm), spectrum (a.u.), gdd (fs^2),phase
1.149442826461950470e-06, 6.367713539934778851e-03, -5.125038280012433587e-26, 7.471276360444065290e+01
1.148123144686448798e-06, 6.359656921864417257e-03, 2.585047543533877722e-26, 7.646533210865962360e+01
1.146806489704010275e-06, 6.528205492088367916e-03, -2.663936048680617668e-26, 7.406809968899139562e+01
1.145492851113283974e-06, 6.455662004923033367e-03, 6.504481496382867716e-27, 7.670144756689010990e+01
1.144182218560522853e-06, 6.559888787570372463e-03, 5.564483119443066339e-26, 7.837210665296305478e+01
1.142874581739310801e-06, 6.643225971233848552e-03, -1.385618848233579112e-26, 8.067247983092980235e+01
1.141569930390293282e-06, 6.783125632738760784e-03, 4.540617305737989760e-26, 8.335708013237386638e+01
1.140268254300908612e-06, 7.130636740789259020e-03, 3.694428923198268135e-26, 8.515658545790952871e+01
1.138969543305121779e-06, 7.772871456069908175e-03, 6.864520596618068230e-26, 8.253311904292159795e+01
1.137673787283159113e-06, 8.832673622977783162e-03, 9.327334066694257985e-26, 8.403416800405852882e+01
1.136380976161246547e-06, 9.950447972799657953e-03, 1.220256425970899645e-25, 8.629904509328930828e+01
1.135091099911347257e-06, 1.191605001386687561e-02, 5.748289142644455838e-26, 8.833791298858113805e+01
1.133804148550903519e-06, 1.500274345953572439e-02, 9.556600267864232666e-26, 9.086812811040461213e+01
1.132520112142578583e-06, 1.876204365389225193e-02, 1.566616518611040983e-26, 9.397460785863216870e+01
1.131238980794001077e-06, 2.372996910059656239e-02, 9.670170300409392438e-27, 9.592567777526227246e+01
1.129960744657510689e-06, 3.034366800470757533e-02, 6.511280551999032075e-28, 9.845402940418819071e+01
1.128685393929906169e-06, 3.838785076513481082e-02, -2.352734697836275979e-27, 1.004686543384895288e+02
1.127412918852195036e-06, 4.857075853199508547e-02, 4.002972007894574681e-27, 1.028511168655838048e+02
1.126143309709343490e-06, 6.145353690797211721e-02, -3.927320575586302917e-27, 1.051294760756287161e+02
1.124876556830030348e-06, 7.603258364415613202e-02, 2.960956373340116400e-27, 1.075584346830647320e+02
1.123612650586400981e-06, 9.431044766872041796e-02, -2.559385705189496454e-27, 1.098517341499595972e+02
1.122351581393823581e-06, 1.155646848559663958e-01, 1.976052351985958101e-27, 1.121681353683163280e+02
1.121093339710646698e-06, 1.404980691464728371e-01, -1.280917965653326922e-27, 1.144608611005048289e+02
1.119837916037958470e-06, 1.691490127638435870e-01, 6.415561412148929331e-28, 1.168124160050079325e+02
1.118585300919347760e-06, 2.017428605108268214e-01, -9.865747064115587287e-29, 1.190859627862956955e+02
1.117335484940666988e-06, 2.373556515566156433e-01, 1.160396137028354292e-28, 1.214403921463494669e+02
1.116088458729795595e-06, 2.764814971117345865e-01, 1.457802997928747555e-28, 1.237411067495909833e+02
1.114844212956406899e-06, 3.194196234681276336e-01, 6.291979511590605460e-29, 1.260364563658109631e+02
1.113602738331733676e-06, 3.637286577263862397e-01, -1.720757382451927036e-28, 1.283434205988691872e+02
1.112364025608339041e-06, 4.096127303744233061e-01, 5.773653773330292713e-28, 1.306623340881964737e+02
1.111128065579885419e-06, 4.570011600960694476e-01, -3.294438733697162821e-28, 1.329921521098211485e+02
1.109894849080906690e-06, 5.050045160052329951e-01, 3.827308059125574776e-28, 1.353050848698769926e+02
1.108664366986582034e-06, 5.508617223719485256e-01, 4.677678656917440320e-30, 1.376104157692472825e+02
1.107436610212510409e-06, 5.955860878913844525e-01, 2.342320179898654287e-28, 1.399276590254296764e+02
1.106211569714487780e-06, 6.388410426078884319e-01, -1.754729383274263577e-28, 1.422430868226813061e+02
1.104989236488283926e-06, 6.789797674589295173e-01, 4.768939346206401619e-28, 1.445566641273365178e+02
1.103769601569422635e-06, 7.148566564205204310e-01, -2.447369342828443144e-29, 1.468787039554969454e+02
1.102552656032962323e-06, 7.475391547017381511e-01, -5.054838476294116740e-29, 1.491910349082113214e+02
1.101338390993278556e-06, 7.769436932095274972e-01, 4.382562989983629634e-28, 1.515031705703392220e+02
1.100126797603847002e-06, 7.999295434864595045e-01, -6.213560131868590493e-29, 1.538263342010066026e+02
1.098917867057029552e-06, 8.195112978726408759e-01, 1.680022161153263645e-28, 1.561440385657671186e+02
1.097711590583860444e-06, 8.357479644273440034e-01, 2.696875697372686306e-28, 1.584532588872672818e+02
1.096507959453834295e-06, 8.463371751035930757e-01, 5.012667052634037515e-29, 1.607636176752310746e+02
1.095306964974695401e-06, 8.521846178841695485e-01, 3.364229004269092777e-28, 1.630972703314274668e+02
1.094108598492228519e-06, 8.565100147414204113e-01, 1.093573859198717141e-28, 1.654139755036226518e+02
1.092912851390051131e-06, 8.571250161225334452e-01, 3.247586208051434444e-28, 1.677345666326128537e+02
1.091719715089406984e-06, 8.534356191231184940e-01, 2.612075315204485769e-28, 1.700582786449537309e+02
1.090529181048960680e-06, 8.476400144894091770e-01, 1.414076693682386298e-28, 1.723800768615677725e+02
1.089341240764593544e-06, 8.405537103968634405e-01, 4.360131475186358180e-28, 1.747139904275036315e+02
1.088155885769202239e-06, 8.301085783381952909e-01, 2.044431763866199894e-28, 1.770266206128300155e+02
1.086973107632496541e-06, 8.170262622452489909e-01, 3.810882394576153105e-28, 1.793571589138007312e+02
1.085792897960800071e-06, 8.028878522371749593e-01, 3.174164525862857439e-28, 1.816801688621814890e+02
1.084615248396851242e-06, 7.876150742152094875e-01, 5.248509820826498608e-28, 1.840050855521225515e+02
1.083440150619606540e-06, 7.694895951144168356e-01, 2.916102818241448900e-28, 1.863454009220465082e+02
1.082267596344044220e-06, 7.508693530297102514e-01, 4.821685500281180429e-28, 1.886701636176096315e+02
1.081097577320969700e-06, 7.320385806697714548e-01, 5.119237473547334601e-28, 1.909925383006577420e+02
1.079930085336821805e-06, 7.121532463317125083e-01, 5.012725669598498578e-28, 1.933333743396682962e+02
1.078765112213481123e-06, 6.914788480201251586e-01, 7.463701133352260790e-28, 1.956559156629335234e+02
1.077602649808078579e-06, 6.717854304596153625e-01, 2.177682285315636715e-28, 1.980099384190812657e+02
1.076442690012806119e-06, 6.528346207667646839e-01, 1.030754436142133345e-27, 2.003363857213220172e+02
1.075285224754727825e-06, 6.330944572360709399e-01, 4.947540046784746047e-28, 2.026904797129298572e+02
1.074130245995592718e-06, 6.149320094738075504e-01, 9.097205351160920982e-28, 2.050329928243082520e+02
1.072977745731649050e-06, 5.971570539289390300e-01, 7.641196695466998008e-28, 2.073752933585953429e+02
1.071827715993458586e-06, 5.791996923730626801e-01, 1.051837098307255180e-27, 2.097374216466663199e+02
1.070680148845714074e-06, 5.623779049477720671e-01, 1.063091470194648114e-27, 2.120862742830063894e+02
1.069535036387055437e-06, 5.459133036787824356e-01, 1.056550411197012498e-27, 2.144441708993542761e+02
1.068392370749889777e-06, 5.302786019470474566e-01, 1.354844200842990517e-27, 2.168116683715947204e+02
1.067252144100210112e-06, 5.150959084837690716e-01, 1.554719020334296638e-27, 2.191874059564893855e+02
1.066114348637416650e-06, 5.009202481285410791e-01, 1.186682162000864945e-27, 2.215402398770262948e+02
1.064978976594139339e-06, 4.882404354608366748e-01, 2.105366442612976033e-27, 2.239393213040976036e+02
1.063846020236060408e-06, 4.760927604567252169e-01, 1.857659522077558283e-27, 2.263117475547188917e+02
1.062715471861739463e-06, 4.652290392637639660e-01, 1.977729361686803442e-27, 2.286915181041713367e+02
1.061587323802438141e-06, 4.559840693006613765e-01, 2.317830705574344969e-27, 2.310954331404009281e+02
1.060461568421947959e-06, 4.480364385261978444e-01, 2.614576563857648591e-27, 2.335043365038975764e+02
1.059338198116416244e-06, 4.415854704000495845e-01, 2.903122201956797954e-27, 2.359401374118836259e+02
1.058217205314176731e-06, 4.373032148266716157e-01, 3.165391570836350398e-27, 2.383531469891007077e+02
1.057098582475578243e-06, 4.354005570539307701e-01, 3.577626314820324539e-27, 2.407895388780723067e+02
1.055982322092816139e-06, 4.348611700961608761e-01, 3.524965186380595670e-27, 2.432223592890311465e+02
1.054868416689764598e-06, 4.368571806282157133e-01, 4.244079427374944228e-27, 2.456979205935211894e+02
1.053756858821809118e-06, 4.416069634974249536e-01, 3.600565400695072534e-27, 2.481621381900075676e+02
1.052647641075680923e-06, 4.486233032099948281e-01, 4.555831020893027049e-27, 2.506518274989620068e+02
1.051540756069292213e-06, 4.592813555927226510e-01, 3.970980912463190130e-27, 2.531838445727917133e+02
1.050436196451572263e-06, 4.736118821765091802e-01, 3.986631405739114760e-27, 2.556729771847578263e+02
1.049333954902305219e-06, 4.918906568800948120e-01, 3.235167254852290761e-27, 2.582259030574641656e+02
1.048234024131967253e-06, 5.143127367193992550e-01, 2.872979865524722023e-27, 2.607686844619282738e+02
1.047136396881567322e-06, 5.412235403547557278e-01, 1.630107266756611608e-27, 2.633284375156383703e+02
1.046041065922486232e-06, 5.731008326852976564e-01, 1.045586088444546329e-27, 2.658810261445149195e+02
1.044948024056318455e-06, 6.096045999195552900e-01, -2.260540726471679351e-28, 2.684583612220511668e+02
1.043857264114715002e-06, 6.512856118014133111e-01, -6.572041758481634330e-28, 2.710155849698139718e+02
1.042768778959225241e-06, 6.969914725992001348e-01, -1.688918691176325087e-27, 2.735800421245187977e+02
1.041682561481142739e-06, 7.468153586723520476e-01, -1.871997054057484911e-27, 2.761360285742696874e+02
1.040598604601349617e-06, 7.982038365721016993e-01, -2.298558684697248635e-27, 2.786840254482892192e+02
1.039516901270163238e-06, 8.501456113883567589e-01, -2.348008433262141449e-27, 2.812264533521155272e+02
1.038437444467182682e-06, 8.994611181526791510e-01, -2.596732105822509019e-27, 2.837573986224868463e+02
1.037360227201137975e-06, 9.429488574782730614e-01, -2.384055570120234192e-27, 2.862885629995156478e+02
1.036285242509737621e-06, 9.763592113986986343e-01, -2.419241390520004745e-27, 2.888045199250411770e+02
1.035212483459520586e-06, 9.956036095084214166e-01, -2.476926382590309238e-27, 2.912990695638995930e+02
1.034141943145705101e-06, 9.984939716568753676e-01, -2.249301295301492583e-27, 2.937926378924541950e+02
1.033073614692042123e-06, 9.813586419820902185e-01, -2.418996726281978497e-27, 2.962919950289542612e+02
1.032007491250667534e-06, 9.444973418503729290e-01, -2.292795510066363014e-27, 2.987631829295955299e+02
1.030943566001955386e-06, 8.878992614867559086e-01, -2.268865101980268977e-27, 3.012473865463549600e+02
1.029881832154373696e-06, 8.153786955028997641e-01, -2.468807715145179674e-27, 3.037021503481772129e+02
1.028822282944338335e-06, 7.295872594787942145e-01, -1.874006610874482075e-27, 3.061636739555050895e+02
1.027764911636070935e-06, 6.372998165428274131e-01, -2.539181380274253363e-27, 3.086046920101597948e+02
1.026709711521454894e-06, 5.424315844308383872e-01, -2.039519884274491030e-27, 3.110470339132718323e+02
1.025656675919894347e-06, 4.505648859416961916e-01, -2.131742366642037993e-27, 3.134791219261445576e+02
1.024605798178173134e-06, 3.647396590689195861e-01, -1.892862473754120841e-27, 3.158928424389482075e+02
1.023557071670314191e-06, 2.887810137558240453e-01, -1.836283438035624047e-27, 3.183321073892547588e+02
1.022510489797440640e-06, 2.234860231127573094e-01, -2.225603914769001481e-27, 3.207349606925192234e+02
1.021466045987637294e-06, 1.694680952083412739e-01, -1.325723062834560828e-27, 3.231583491351921680e+02
1.020423733695813231e-06, 1.259556988216198881e-01, -3.103491229648159300e-27, 3.255931672499797855e+02
1.019383546403564572e-06, 9.169593627989010287e-02, -5.972332210240423120e-28, 3.278563591682370770e+02
1.018345477619039591e-06, 6.576077583061852583e-02, -1.794758192067271732e-27, 3.302855076140346569e+02
1.017309520876802557e-06, 4.603830571799261140e-02, -1.065611004962807797e-27, 3.326102555405892076e+02
1.016275669737700109e-06, 3.251409909169284546e-02, -2.422468503923273701e-27, 3.350146413787915662e+02
1.015243917788727645e-06, 2.239353181710689381e-02, -4.743495955588598536e-26, 3.379702109543179631e+02
1.014214258642897386e-06, 1.581111119084499875e-02, -8.600402134000237583e-26, 3.395750838262002844e+02
1.013186685939105403e-06, 1.145046567397632262e-02, -1.675448402482007943e-25, 3.411765988149645636e+02
1.012161193342000953e-06, 8.601200147417907560e-03, -1.264426547597547787e-25, 3.441742604666759462e+02
1.011137774541857312e-06, 7.436215839771463665e-03, -9.666016494211305412e-26, 3.413735062462815222e+02
1.010116423254441328e-06, 6.833686366127716960e-03, -1.371848870613264340e-26, 3.416315097611441161e+02
1.009097133220884890e-06, 6.337568200479005813e-03, -5.124970392238155884e-26, 3.390984472432396615e+02
1.008079898207557442e-06, 6.350961159770618196e-03, -2.710793466022360956e-27, 3.367339551754297986e+02
1.007064712005938508e-06, 6.244727366497180090e-03, -2.835597745772805696e-26, 3.365056694982525300e+02
1.006051568432491909e-06, 6.282968178272342087e-03, 2.165162903544807474e-26, 3.372699837512092813e+02
1.005040461328539553e-06, 6.188021671254994444e-03, 3.660457384451935775e-28, 3.357988338453918118e+02
1.004031384560137345e-06, 6.245760594329536480e-03, -1.453977620705776212e-26, 3.378889409569769668e+02
1.003024332017950675e-06, 6.041112185546006035e-03, 3.663594060814064793e-26, 3.381536588760457676e+02
1.002019297617131172e-06, 6.342916872704632177e-03, -1.909810376087163974e-26, 3.371357880398452380e+02
1.001016275297194096e-06, 6.218959751117900982e-03, -2.899416438942800361e-26, 3.397841695572111007e+02
1.000015259021896792e-06, 6.321230860719923017e-03, 2.712881462908251104e-26, 3.415480346350166201e+02
9.990162427791177741e-07, 6.033867666538198817e-03, -8.374327830954541713e-27, 3.437452531383302698e+02
9.980192205807355977e-07, 6.272163716314014918e-03, -2.080830464236122878e-26, 3.465391179497259486e+02
9.970241864625094314e-07, 6.187493778061727533e-03, 3.094362525346353389e-26, 3.436510666564895473e+02
9.960311344839611055e-07, 6.110429439306806765e-03, 2.280132268417753304e-28, 3.462235610174342924e+02
9.950400587282556813e-07, 6.257099973055878402e-03, -3.138512653549231255e-27, 3.479044863816075122e+02
9.940509533020843481e-07, 6.148240595862847907e-03, -1.992718916592865240e-26, 3.504175465181763229e+02
9.930638123355481686e-07, 6.073266317540454776e-03, 2.346744451102832527e-26, 3.501644029016011928e+02
9.920786299820405527e-07, 6.188447505520239950e-03, -1.718778413620260422e-27, 3.500354323040449458e+02
9.910954004181337548e-07, 6.223231946692364333e-03, 3.089430194242879437e-27, 3.503788650084152891e+02
9.901141178434621958e-07, 6.230942181287577562e-03, -3.512821664017170137e-26, 3.534393669869672863e+02
9.891347764806102306e-07, 6.227427546749163094e-03, 4.463814886128391543e-26, 3.513781382410510332e+02
9.881573705749969518e-07, 6.336372829850694943e-03, -2.286784282817541896e-26, 3.528151750990936080e+02
9.871818943947648048e-07, 6.253401092790730406e-03, -3.931638068940514454e-26, 3.504149536518025911e+02
9.862083422306675680e-07, 6.304430262761299454e-03, 6.364214723270320825e-26, 3.531519675249125498e+02
9.852367083959574852e-07, 6.368674154317967642e-03, -2.194141034625233495e-26, 3.513549628398390610e+02
9.842669872262764221e-07, 6.219016664305816039e-03, -7.139112317873916358e-27, 3.522412444294416787e+02
9.832991730795446935e-07, 6.281152833391267370e-03, 9.785685244171089827e-28, 3.513286508515227524e+02
9.823332603358515837e-07, 6.346069704406894114e-03, -4.379617905961770515e-27, 3.493464385105330621e+02
9.813692433973473503e-07, 6.350855550801527520e-03, -8.741553869226994126e-28, 3.518463081334916183e+02
9.804071166881341683e-07, 6.048994157407747672e-03, 4.305596009629893190e-26, 3.491614138245896584e+02
9.794468746541596162e-07, 6.383994962156048017e-03, -1.825857392795558087e-27, 3.502556173169276121e+02
9.784885117631084671e-07, 6.350788140871902257e-03, -1.665023834545660308e-26, 3.512008162643586502e+02
9.775320225042980803e-07, 6.278733237196292873e-03, -2.688564343925074102e-26, 3.489543584792492652e+02
9.765774013885712517e-07, 6.404657751118768977e-03, -5.814559347745685330e-27, 3.520578150717143444e+02
9.756246429481920287e-07, 6.316967151299155217e-03, 1.516814008960864187e-26, 3.542807827362387343e+02
9.746737417367415250e-07, 6.401363988241926851e-03, -1.131011247702159843e-26, 3.535495236712397968e+02
9.737246923290135240e-07, 6.368516726959246553e-03, 2.349421819206802993e-26, 3.518078994061185085e+02
9.727774893209113524e-07, 6.317081030362300779e-03, -2.029696705868893770e-26, 3.540468037432004849e+02
9.718321273293458129e-07, 6.361052286564735335e-03, 1.254980335478467395e-26, 3.558823576810138434e+02
9.708886009921329048e-07, 6.098930382572167325e-03, 4.348496345710104607e-27, 3.535171713800187376e+02
9.699469049678921799e-07, 6.261304193964181176e-03, -5.855315083263664413e-28, 3.565853423477631736e+02
9.690070339359467931e-07, 6.228111842003858714e-03, 2.166823756321427137e-26, 3.571395264271556584e+02
9.680689825962216464e-07, 6.307674916102242769e-03, -1.262680894129719059e-26, 3.590865002576015854e+02
9.671327456691459798e-07, 6.438776576217189636e-03, 2.930337670012324322e-26, 3.582438759055524429e+02
9.661983178955525751e-07, 6.273321036885190320e-03, -4.772189805825040630e-26, 3.586331055736056328e+02
9.652656940365801345e-07, 6.290631277080421628e-03, 6.898111808685800054e-27, 3.562597430146276452e+02
9.643348688735746022e-07, 6.414203679390490312e-03, -6.430092829184096933e-27, 3.576980339978488246e+02
9.634058372079932370e-07, 6.397218554150846392e-03, -6.003855070199392158e-27, 3.590745016686389590e+02
9.624785938613059336e-07, 6.151211721133341588e-03, 2.728664095087027275e-26, 3.613348858589731663e+02
9.615531336749007782e-07, 6.478011646385705910e-03, -2.365197905993600854e-26, 3.630066643444349666e+02
9.606294515099874867e-07, 6.335333742432012853e-03, -4.775657654651039699e-26, 3.604338637953526359e+02
9.597075422475016901e-07, 6.417684962116643188e-03, 4.998564748643824771e-26, 3.630622125357814411e+02
9.587874007880123959e-07, 6.299813632475389363e-03, 1.268932321992714135e-26, 3.601337575987549258e+02
9.578690220516252151e-07, 6.219623454747908245e-03, -6.015911398983609615e-27, 3.605208614496440873e+02
9.569524009778917291e-07, 6.152256242764970497e-03, -7.936577885188242762e-27, 3.581503852941669948e+02
9.560375325257139871e-07, 6.217844168219010918e-03, 3.778459226637111506e-27, 3.562215487947770498e+02
9.551244116732540850e-07, 6.347989045297436003e-03, 2.768763452742783364e-27, 3.592413742794360587e+02
9.542130334178405687e-07, 6.151321571726487726e-03, 2.616485198509196563e-26, 3.599131754607057587e+02
9.533033927758788602e-07, 6.081505207693329619e-03, -6.546641926066000958e-26, 3.582166633293713858e+02
9.523954847827590364e-07, 6.371479510826401349e-03, 3.757585362412921277e-26, 3.556190300399376270e+02
9.514893044927658328e-07, 6.306706757682138849e-03, 4.144951404636051125e-26, 3.577265186265307761e+02
9.505848469789894925e-07, 6.179755781001906693e-03, -5.047662104740501438e-26, 3.595113268536887290e+02
