# wl (nm), spectrum (a.u.), gdd (fs^2),phase
1.149442826461950470e-06, 6.211234771857879200e-03, 4.154794027087938487e-27, 5.421300520195210026e+01
1.148123144686448798e-06, 6.129265327202476112e-03, -1.288100068272184861e-26, 5.226041610001350790e+01
1.146806489704010275e-06, 6.129129612348301927e-03, -5.062235014754500087e-27, 5.237946348437127142e+01
1.145492851113283974e-06, 6.093156729562044203e-03, 1.335309256518491540e-26, 5.176407191327805180e+01
1.144182218560522853e-06, 6.220712118910389984e-03, 3.932577464962929325e-27, 5.228253903970629324e+01
1.142874581739310801e-06, 6.479808899780788167e-03, 4.164008295708824001e-26, 5.141325941692119272e+01
1.141569930390293282e-06, 6.720674008212234110e-03, -5.848644306507643637e-28, 5.430191184415397032e+01
1.140268254300908612e-06, 7.002856923214897771e-03, 6.655471744939935916e-26, 5.700989099805933336e+01
1.138969543305121779e-06, 7.626510777618530738e-03, 5.075999371792799068e-26, 5.774250049288972519e+01
1.137673787283159113e-06, 8.539318092563709037e-03, 9.424356818723720381e-26, 5.568518289451188252e+01
1.136380976161246547e-06, 9.925005521568480010e-03, 9.781348867458563011e-26, 5.745159558808092015e+01
1.135091099911347257e-06, 1.197012935834824467e-02, 7.833384928171087778e-26, 5.862554069717315031e+01
1.133804148550903519e-06, 1.488252594151075539e-02, 1.265948761225216053e-25, 6.159151124891395312e+01
1.132520112142578583e-06, 1.866389855708989673e-02, 3.700444034476188447e-26, 6.375557805181057347e+01
1.131238980794001077e-06, 2.401080814327070934e-02, 2.765850314808754339e-26, 6.617431719342081919e+01
1.129960744657510689e-06, 3.041024441928360730e-02, -2.326721667035673722e-27, 6.814454770391753868e+01
1.128685393929906169e-06, 3.850453595590116324e-02, 4.998934742044377200e-27, 6.994855930364316521e+01
1.127412918852195036e-06, 4.862240333397824937e-02, -3.909163660992899314e-27, 7.245148337577776942e+01
1.126143309709343490e-06, 6.073712233479858918e-02, -8.264534832177114701e-28, 7.470809592511500341e+01
1.124876556830030348e-06, 7.559018795226521426e-02, 2.383124435843557187e-27, 7.702373343542703310e+01
1.123612650586400981e-06, 9.399329647468664117e-02, -3.331181914813931492e-28, 7.914748534243277334e+01
1.122351581393823581e-06, 1.149808745048318953e-01, -1.399497550116185414e-27, 8.129414019312679329e+01
1.121093339710646698e-06, 1.396698461346821962e-01, 7.441029776222126288e-28, 8.349468816218742973e+01
1.119837916037958470e-06, 1.679494959779577190e-01, -7.976723116224722049e-28, 8.567632663862366371e+01
1.118585300919347760e-06, 2.003311460594411064e-01, 2.069619924308091804e-28, 8.789496580546219207e+01
1.117335484940666988e-06, 2.355651862285808584e-01, -1.920219149141108324e-28, 9.008295358069064207e+01
1.116088458729795595e-06, 2.746083083418858206e-01, -3.130711843902534501e-28, 9.231299449458910544e+01
1.114844212956406899e-06, 3.170154945358298892e-01, -7.622278114198218545e-29, 9.450974249520290016e+01
1.113602738331733676e-06, 3.613276554332024992e-01, -3.371292744845287930e-28, 9.670618568157415496e+01
1.112364025608339041e-06, 4.063872571566350400e-01, 2.229948613475211352e-28, 9.889638946010501286e+01
1.111128065579885419e-06, 4.536331429359402034e-01, -3.089420920165952733e-28, 1.010986351230733504e+02
1.109894849080906690e-06, 5.010953226391514637e-01, -1.270140043042864074e-28, 1.032913470436198367e+02
1.108664366986582034e-06, 5.466886165028523870e-01, -3.535040978766813918e-28, 1.054880362464633663e+02
1.107436610212510409e-06, 5.907512941552395258e-01, 3.553634421866409342e-29, 1.076920925683800334e+02
1.106211569714487780e-06, 6.336632849672892975e-01, -1.316399035765593218e-28, 1.098936957770454796e+02
1.104989236488283926e-06, 6.740117082624524913e-01, -2.227173673727083679e-28, 1.120797788689344969e+02
1.103769601569422635e-06, 7.094377864951697532e-01, -1.890031630850567664e-28, 1.142747640165868290e+02
1.102552656032962323e-06, 7.422426099946415334e-01, -2.166166685203701408e-28, 1.164602128795374796e+02
1.101338390993278556e-06, 7.708035695398149922e-01, -2.860610321174724224e-29, 1.186464998673775995e+02
1.100126797603847002e-06, 7.940682067164566149e-01, -4.020407135979127424e-28, 1.208406132884253879e+02
1.098917867057029552e-06, 8.134379538859639602e-01, -3.961547446627430690e-29, 1.230446930542035346e+02
1.097711590583860444e-06, 8.297813089139657317e-01, -9.092130977672709872e-29, 1.252386815736386296e+02
1.096507959453834295e-06, 8.401372131957905998e-01, -4.167356349911968726e-28, 1.274093134622580834e+02
1.095306964974695401e-06, 8.467518136891157843e-01, -4.574077657909280039e-29, 1.296108204598067459e+02
1.094108598492228519e-06, 8.502833083490285437e-01, -2.310475917382207024e-28, 1.317931091495622979e+02
1.092912851390051131e-06, 8.514672358230505056e-01, -1.104134494471484732e-28, 1.339784477102589335e+02
1.091719715089406984e-06, 8.475067807323163338e-01, -1.634786073884113380e-28, 1.361639920680130444e+02
1.090529181048960680e-06, 8.420940520541239094e-01, -2.347132449187990458e-28, 1.383497435059690304e+02
1.089341240764593544e-06, 8.349936196590168613e-01, 1.346095216426396702e-29, 1.405430721705744190e+02
1.088155885769202239e-06, 8.245749481667107306e-01, -3.007651872575443535e-28, 1.427114816246022428e+02
1.086973107632496541e-06, 8.118741122802298760e-01, -1.770180431010057555e-28, 1.448968838008582907e+02
1.085792897960800071e-06, 7.981465785891752596e-01, -1.338189599803503868e-28, 1.470879076996954495e+02
1.084615248396851242e-06, 7.829745198494169056e-01, -1.352419704197939951e-28, 1.492746110381640960e+02
1.083440150619606540e-06, 7.649112993949762629e-01, -1.443615388418908476e-29, 1.514424624904057168e+02
1.082267596344044220e-06, 7.466895162520255091e-01, -5.498120478763633916e-28, 1.536467821744057574e+02
1.081097577320969700e-06, 7.277747279802461167e-01, 1.104791622706602210e-28, 1.558145171651369196e+02
1.079930085336821805e-06, 7.078934105945772215e-01, -2.346809567769437484e-28, 1.580002824630335283e+02
1.078765112213481123e-06, 6.874084085562027768e-01, -2.613841970615603415e-28, 1.601847973679056736e+02
1.077602649808078579e-06, 6.681193740203300591e-01, -2.546892424151796272e-28, 1.623583009939571298e+02
1.076442690012806119e-06, 6.489986213181269115e-01, -5.041661612503658663e-29, 1.645295956514424631e+02
1.075285224754727825e-06, 6.298425425826921220e-01, -1.960105978707507244e-28, 1.667094930825301162e+02
1.074130245995592718e-06, 6.116110827523802973e-01, -2.379410051642802504e-28, 1.688781834214990738e+02
1.072977745731649050e-06, 5.938063391711272399e-01, -1.818572922896544012e-28, 1.710740021592361870e+02
1.071827715993458586e-06, 5.764521717684129021e-01, -2.898987396017476357e-28, 1.732584083066412575e+02
1.070680148845714074e-06, 5.596228569848766821e-01, -5.454329055880531288e-29, 1.754200385579397619e+02
1.069535036387055437e-06, 5.433637802110016235e-01, -3.720389255617952349e-28, 1.775844963991395673e+02
1.068392370749889777e-06, 5.277100498235429704e-01, -1.206097365746168050e-28, 1.797621555146477874e+02
1.067252144100210112e-06, 5.126447540040589557e-01, -1.779309344917755303e-28, 1.819534981073835525e+02
1.066114348637416650e-06, 4.989853455908495050e-01, -1.304570776579864744e-28, 1.841177034791116967e+02
1.064978976594139339e-06, 4.860652053956519003e-01, -2.749910047599905055e-28, 1.862994816342406637e+02
1.063846020236060408e-06, 4.738916380133955109e-01, -2.463774160367479681e-28, 1.884765417788512138e+02
1.062715471861739463e-06, 4.635470739151585917e-01, -4.438188705561239912e-29, 1.906258963727928801e+02
1.061587323802438141e-06, 4.541882513299276836e-01, -2.311520493046732121e-28, 1.927989395640689452e+02
1.060461568421947959e-06, 4.468013569266740537e-01, -3.412301003079102761e-28, 1.949808666512664388e+02
1.059338198116416244e-06, 4.407802671886041357e-01, 1.343772872929095157e-28, 1.971403087591546068e+02
1.058217205314176731e-06, 4.364868903460525362e-01, -3.826680241538260138e-28, 1.992908479205492824e+02
1.057098582475578243e-06, 4.342355135250877129e-01, -1.290191442489599964e-28, 2.014602042919052849e+02
1.055982322092816139e-06, 4.342003611974987187e-01, -4.345946955728040599e-28, 2.036378418819936940e+02
1.054868416689764598e-06, 4.365454399422515341e-01, 1.738909108003577513e-28, 2.058051094941830286e+02
1.053756858821809118e-06, 4.409936642456372957e-01, -4.700902291991271980e-28, 2.079782468107800355e+02
1.052647641075680923e-06, 4.485505505158368655e-01, -1.016504438639830659e-28, 2.101457263418324430e+02
1.051540756069292213e-06, 4.593981306776143136e-01, -2.191649841226393617e-28, 2.123094099860768154e+02
1.050436196451572263e-06, 4.736053561010057367e-01, -1.304833779002542819e-28, 2.144621074884707070e+02
1.049333954902305219e-06, 4.920290740524547735e-01, -3.005307682879685544e-28, 2.166381849649054061e+02
1.048234024131967253e-06, 5.144846162001480705e-01, -1.195576801702880220e-28, 2.187847254231004399e+02
1.047136396881567322e-06, 5.414140380740275482e-01, -2.334635932344274756e-28, 2.209620325652207953e+02
1.046041065922486232e-06, 5.731513967592325454e-01, 1.054394484571352031e-28, 2.231235495402840456e+02
1.044948024056318455e-06, 6.098129100037111838e-01, -4.486130230444911587e-28, 2.252667033922606379e+02
1.043857264114715002e-06, 6.512343831555647000e-01, -1.406436036187477025e-28, 2.274384929295551956e+02
1.042768778959225241e-06, 6.965646050796387989e-01, 7.957503469354594547e-29, 2.295984530240290269e+02
1.041682561481142739e-06, 7.462204003164710775e-01, -5.709295180909506388e-28, 2.317561682369111509e+02
1.040598604601349617e-06, 7.979444951146849041e-01, 2.104571428923219057e-28, 2.339054162246778503e+02
1.039516901270163238e-06, 8.496649541036330744e-01, -3.591507108655305269e-28, 2.360612260757728507e+02
1.038437444467182682e-06, 8.991002348561787372e-01, 5.245009303472714150e-30, 2.382207773488642317e+02
1.037360227201137975e-06, 9.424618508171707099e-01, -5.771416772947335690e-28, 2.403693727885794544e+02
1.036285242509737621e-06, 9.759422856916130096e-01, 1.064689432590497694e-28, 2.425381757878924134e+02
1.035212483459520586e-06, 9.954175805371123786e-01, -3.600839615324167750e-28, 2.446844306680568764e+02
1.034141943145705101e-06, 9.986263527075173174e-01, -1.259200423292527909e-28, 2.468393898385417629e+02
1.033073614692042123e-06, 9.814869186775676546e-01, -1.969555086028095764e-28, 2.489867322745450053e+02
1.032007491250667534e-06, 9.446103476540341770e-01, -7.602503091282124156e-29, 2.511519344732560626e+02
1.030943566001955386e-06, 8.880651648775447216e-01, -3.242144464842904534e-28, 2.533004624897214114e+02
1.029881832154373696e-06, 8.153198335342932701e-01, -2.659938298395186892e-28, 2.554566159926136777e+02
1.028822282944338335e-06, 7.299177078758496418e-01, 1.642683370889223300e-30, 2.575966757053177503e+02
1.027764911636070935e-06, 6.376376939391747989e-01, -1.361025338457226942e-28, 2.597404123629682999e+02
1.026709711521454894e-06, 5.426422861739167436e-01, -1.214556719130306755e-28, 2.618975941169572366e+02
1.025656675919894347e-06, 4.507081219066695343e-01, -1.708691957869574799e-28, 2.640228531433476746e+02
1.024605798178173134e-06, 3.652141160008392506e-01, -2.424822593512460716e-29, 2.661915478939185959e+02
1.023557071670314191e-06, 2.891741921018470274e-01, -2.452676970267993860e-28, 2.683591518319210536e+02
1.022510489797440640e-06, 2.240093927301952392e-01, -3.437763744760208753e-28, 2.704709020631729004e+02
1.021466045987637294e-06, 1.697858044263064192e-01, -2.144650816977745769e-30, 2.726163995138195446e+02
1.020423733695813231e-06, 1.260489200374228791e-01, 3.132324311101589325e-28, 2.747582059529185017e+02
1.019383546403564572e-06, 9.221383625011747576e-02, -8.030386884272509631e-28, 2.769101557042100126e+02
1.018345477619039591e-06, 6.638582230442384435e-02, 1.645803386532365089e-27, 2.790959220270936498e+02
1.017309520876802557e-06, 4.724597499504518822e-02, -3.344316191603880790e-27, 2.812993086230699760e+02
1.016275669737700109e-06, 3.328041899011364296e-02, 3.291957713186448607e-27, 2.834724190273071827e+02
1.015243917788727645e-06, 2.318566032990379902e-02, -3.244688571845274475e-26, 2.855265206234304287e+02
1.014214258642897386e-06, 1.637501436813662906e-02, -1.064319034218687458e-25, 2.877346249589488707e+02
1.013186685939105403e-06, 1.168247636242407926e-02, -1.739478592871584958e-25, 2.887940585538905225e+02
1.012161193342000953e-06, 9.005892135285444022e-03, -1.355660861197345490e-25, 2.917743839625142073e+02
1.011137774541857312e-06, 7.521770098888108311e-03, -9.081663754798396574e-26, 2.892235676455305224e+02
1.010116423254441328e-06, 6.692708037922906472e-03, -2.675376491773742821e-26, 2.885608627661799233e+02
1.009097133220884890e-06, 6.491118412571164446e-03, -3.039214718292497946e-26, 2.860783896715043397e+02
1.008079898207557442e-06, 6.147962739367694544e-03, 8.597452550635551758e-27, 2.881114140151577203e+02
1.007064712005938508e-06, 5.987297094164206746e-03, -2.397961505549793822e-26, 2.905870051440160751e+02
1.006051568432491909e-06, 6.012401248804608543e-03, -6.016702602028212204e-27, 2.924683228510026538e+02
1.005040461328539553e-06, 5.975610982132131821e-03, -3.215165414335184533e-26, 2.931905360723685590e+02
1.004031384560137345e-06, 5.966275607672964949e-03, 1.486224925198725382e-26, 2.962512491615042336e+02
1.003024332017950675e-06, 6.171851360271437582e-03, -1.513201105353400096e-26, 2.940467814892817273e+02
1.002019297617131172e-06, 6.019660666483013338e-03, 4.429629042620422604e-26, 2.927160434458194800e+02
1.001016275297194096e-06, 5.892443756121904484e-03, 2.402335915582570613e-28, 2.903100816037375580e+02
1.000015259021896792e-06, 6.002773995765754017e-03, -1.802459441890547020e-26, 2.920671813387277211e+02
9.990162427791177741e-07, 6.059711456996207980e-03, -8.977721991789351727e-27, 2.941643426086847057e+02
9.980192205807355977e-07, 6.018431765213233357e-03, 1.433599295216064727e-26, 2.949818158312703531e+02
9.970241864625094314e-07, 5.992513101921876847e-03, -8.813278474877535637e-27, 2.976152256736643835e+02
9.960311344839611055e-07, 6.174149434658380772e-03, 5.463805495742574080e-28, 2.985749189106442145e+02
9.950400587282556813e-07, 5.973119857611591810e-03, -5.403811595654038490e-27, 2.955110248580371604e+02
9.940509533020843481e-07, 5.977955407522579125e-03, -2.439322439612110000e-27, 2.956361131118312642e+02
9.930638123355481686e-07, 5.939615473041620283e-03, 8.612989286652442051e-27, 2.978118027433591806e+02
9.920786299820405527e-07, 6.046790122357959506e-03, -1.497536114333615296e-26, 2.986126905509002540e+02
9.910954004181337548e-07, 5.779157659940389706e-03, 6.927306252103052032e-27, 2.976232210867019603e+02
9.901141178434621958e-07, 5.962824806344357853e-03, -1.162000770194828729e-26, 2.978700296917121477e+02
9.891347764806102306e-07, 6.009692547995583445e-03, 6.425607343920206879e-27, 2.967755606459226669e+02
9.881573705749969518e-07, 5.841458164861207045e-03, 2.249636616920280601e-26, 2.988492406869045794e+02
9.871818943947648048e-07, 6.017359630884774012e-03, -1.287265297476109356e-26, 2.959384859165195962e+02
9.862083422306675680e-07, 6.052743783526159070e-03, 5.296806471080307973e-27, 2.950863411689415443e+02
9.852367083959574852e-07, 5.969863762549303815e-03, 1.470402257921637051e-26, 2.972558103809620889e+02
9.842669872262764221e-07, 5.853697198005722649e-03, -2.576332724341420792e-26, 2.971997356887559931e+02
9.832991730795446935e-07, 5.965548596138610035e-03, -1.010964596029360130e-27, 2.954667356837797456e+02
9.823332603358515837e-07, 6.099523066187794752e-03, 2.139327966180286415e-26, 2.938734407621953437e+02
9.813692433973473503e-07, 6.016576685838525770e-03, -4.037962454284441714e-26, 2.907821297717198945e+02
9.804071166881341683e-07, 6.153007097976686060e-03, 3.038772059396787680e-26, 2.880065826367150521e+02
9.794468746541596162e-07, 6.072685728320259546e-03, -2.709734470579523214e-26, 2.906648652435409304e+02
9.784885117631084671e-07, 6.029472517560155453e-03, 2.977486280859898791e-26, 2.890565211505468710e+02
9.775320225042980803e-07, 5.910123830013436219e-03, -1.384861142275737176e-26, 2.871131821361381640e+02
9.765774013885712517e-07, 5.975802727313638679e-03, 1.350667983237222704e-26, 2.897783344736520803e+02
9.756246429481920287e-07, 5.961232074764661812e-03, -1.733694308844362631e-26, 2.885234539906271038e+02
9.746737417367415250e-07, 6.097346867861154485e-03, 3.535311630905362118e-26, 2.906398085088201810e+02
9.737246923290135240e-07, 6.128525764417013313e-03, -1.720499465853808890e-26, 2.886983320983435988e+02
9.727774893209113524e-07, 5.917197776421022869e-03, -2.186339239910503990e-27, 2.912996370213455748e+02
9.718321273293458129e-07, 6.030453767590521381e-03, -1.723015827619984627e-26, 2.913551151933942833e+02
9.708886009921329048e-07, 5.989046869486023585e-03, 1.390364974311724961e-26, 2.937826710530596301e+02
9.699469049678921799e-07, 5.949098185149505856e-03, -4.486939930525426823e-27, 2.914241954221352557e+02
9.690070339359467931e-07, 6.020129220420902816e-03, -2.083398303009178996e-26, 2.896550714366735519e+02
9.680689825962216464e-07, 5.993920889275171533e-03, 1.188696028286706152e-27, 2.894958695344686248e+02
9.671327456691459798e-07, 5.845562341168506967e-03, 2.413963105110408558e-26, 2.892522025415661346e+02
9.661983178955525751e-07, 6.070437920854781892e-03, 7.315622937943531638e-27, 2.900017691275866127e+02
9.652656940365801345e-07, 5.945345224489732676e-03, -7.145076351297760661e-27, 2.923474010639917537e+02
9.643348688735746022e-07, 5.938241962535295744e-03, 8.145838436497248284e-27, 2.942304319837688809e+02
9.634058372079932370e-07, 5.854377144004787280e-03, -5.039925281962190106e-27, 2.926176447316245230e+02
9.624785938613059336e-07, 5.877441186045772280e-03, 7.952076491876015209e-27, 2.946017649379008390e+02
9.615531336749007782e-07, 6.038232323850973964e-03, -3.146861837558076775e-26, 2.972086950381993802e+02
9.606294515099874867e-07, 5.982612358408028949e-03, 3.061156204653644887e-26, 2.996255063511510457e+02
9.597075422475016901e-07, 5.852208873677276595e-03, -2.997713958144064330e-26, 2.978364349903899324e+02
9.587874007880123959e-07, 6.123414403072074616e-03, 2.457987889492506112e-26, 2.953997367205908517e+02
9.578690220516252151e-07, 6.137696094670562832e-03, -1.892114497981772361e-26, 2.971025709096911669e+02
9.569524009778917291e-07, 6.019003429013909667e-03, 4.785036467786159444e-26, 2.961929554995840590e+02
9.560375325257139871e-07, 5.938787908159193739e-03, -2.650941274800737393e-26, 2.974978548787813679e+02
9.551244116732540850e-07, 5.926826511049552125e-03, -3.982199780489893020e-26, 2.990689583161226892e+02
9.542130334178405687e-07, 5.932369915448629065e-03, 1.333794629123065850e-26, 3.005818897448650091e+02
9.533033927758788602e-07, 6.051329009125933772e-03, 4.497202578608420915e-27, 3.021722577556728311e+02
9.523954847827590364e-07, 6.020243387297173274e-03, 5.084660067551781805e-27, 3.001725048840870613e+02
9.514893044927658328e-07, 6.075755830919363221e-03, -5.363669750202260515e-27, 3.024823114399256383e+02
9.505848469789894925e-07, 6.083178169946999898e-03, 2.114862034633764675e-26, 3.041286527142155478e+02
