# wl (nm), spectrum (a.u.), gdd (fs^2),phase
1.149442826461950470e-06, 6.393195713701730482e-03, 6.492120229363979246e-27, -1.753622596653297805e+01
1.148123144686448798e-06, 6.615876095165668450e-03, -1.345369332122046153e-26, -1.899457518256224731e+01
1.146806489704010275e-06, 6.425365983853160122e-03, 4.284192461304734752e-26, -1.904529805566177458e+01
1.145492851113283974e-06, 6.440999142135509295e-03, -1.796258429960483498e-26, -2.114323374858724591e+01
1.144182218560522853e-06, 6.696897517220566989e-03, 9.929356205091738649e-27, -2.098710276218843873e+01
1.142874581739310801e-06, 6.702336737541641186e-03, -8.057649339059189980e-27, -2.369039791000576045e+01
1.141569930390293282e-06, 6.867328445351895787e-03, -3.568808579651633379e-26, -2.520713924423632690e+01
1.140268254300908612e-06, 7.184210194444350280e-03, 3.338199651730414592e-26, -2.793515934419012936e+01
1.138969543305121779e-06, 7.699494164546441012e-03, -5.440650510155243187e-26, -2.948911605053008600e+01
1.137673787283159113e-06, 8.640020769363671721e-03, -3.955755000764341617e-26, -2.733615408899052213e+01
1.136380976161246547e-06, 1.011636937114812097e-02, -4.259552086948804028e-26, -3.030853508403976804e+01
1.135091099911347257e-06, 1.214881689330229997e-02, -4.242545263550370408e-26, -3.283588912406906246e+01
1.133804148550903519e-06, 1.486351607225251149e-02, -4.613496994132875206e-26, -3.595921269748895810e+01
1.132520112142578583e-06, 1.881508890903598255e-02, -1.231488991438361347e-25, -3.875933430239273747e+01
1.131238980794001077e-06, 2.385867906558034740e-02, -7.309860324712128041e-26, -4.159651125820916207e+01
1.129960744657510689e-06, 3.057374174423460947e-02, -1.051766955686312005e-25, -4.421945280433318715e+01
1.128685393929906169e-06, 3.859865865560996312e-02, -8.624988778190310686e-26, -4.709464566825050724e+01
1.127412918852195036e-06, 4.868896401804132662e-02, -7.520825922924263588e-26, -4.985754801602742248e+01
1.126143309709343490e-06, 6.113725482062083022e-02, -7.948063471718051240e-26, -5.274220067419705060e+01
1.124876556830030348e-06, 7.623362882248184424e-02, -5.051899306425940454e-26, -5.553538122308032854e+01
1.123612650586400981e-06, 9.468691642742420311e-02, -9.159204452161256883e-27, -5.836990842581169403e+01
1.122351581393823581e-06, 1.158311769089036547e-01, -3.219500032514690803e-27, -6.118779163044323610e+01
1.121093339710646698e-06, 1.408550079858265358e-01, -1.410302211285113353e-27, -6.406451196533689085e+01
1.119837916037958470e-06, 1.693644403065180937e-01, -8.834184923904457995e-28, -6.681348651654516857e+01
1.118585300919347760e-06, 2.021533493364044143e-01, -4.749296609983446048e-28, -6.958732957704080491e+01
1.117335484940666988e-06, 2.378658156542699242e-01, 5.316692208355148800e-28, -7.242877930756283433e+01
1.116088458729795595e-06, 2.767854207051652082e-01, -3.702091722229044970e-28, -7.523508081929168156e+01
1.114844212956406899e-06, 3.198102141035064627e-01, -5.038994992088385577e-28, -7.804208777695963306e+01
1.113602738331733676e-06, 3.643593211206746507e-01, 2.712418966268401007e-28, -8.085179361063009651e+01
1.112364025608339041e-06, 4.101256184582493525e-01, -2.194082472406363982e-28, -8.367609672846161573e+01
1.111128065579885419e-06, 4.577350448922259396e-01, -2.649557378154829925e-28, -8.649896671206471410e+01
1.109894849080906690e-06, 5.054668324336447638e-01, -2.185729749151741271e-29, -8.930779072042004429e+01
1.108664366986582034e-06, 5.511305617317203698e-01, -2.357394691520299116e-28, -9.213666349815586898e+01
1.107436610212510409e-06, 5.959827699764113085e-01, -7.064109313557302729e-29, -9.493927202778969843e+01
1.106211569714487780e-06, 6.395332791303859343e-01, -9.336585306793616134e-29, -9.773847989371820688e+01
1.104989236488283926e-06, 6.797195650249384657e-01, -1.556598303893282657e-28, -1.005732167989357464e+02
1.103769601569422635e-06, 7.153431718064183764e-01, -7.207374352123728542e-29, -1.033775397431086418e+02
1.102552656032962323e-06, 7.483647999272805551e-01, -2.542896226105473949e-28, -1.061920030088133586e+02
1.101338390993278556e-06, 7.773637968371073237e-01, -2.377607739852079553e-28, -1.090211800674442202e+02
1.100126797603847002e-06, 8.009711232591523178e-01, 6.726374961940289991e-29, -1.118341522177617122e+02
1.098917867057029552e-06, 8.201560237391520847e-01, -2.435108126357230499e-28, -1.146479361158094861e+02
1.097711590583860444e-06, 8.364206724412882599e-01, -1.993362742335845848e-29, -1.174737098760487299e+02
1.096507959453834295e-06, 8.473006187628649988e-01, -2.337636874088103097e-28, -1.202828736999382215e+02
1.095306964974695401e-06, 8.533927195967472290e-01, -2.484267805134674406e-28, -1.230940974819733924e+02
1.094108598492228519e-06, 8.575583191827469420e-01, 3.096662339362992519e-29, -1.259137420233103910e+02
1.092912851390051131e-06, 8.579996531398609294e-01, -2.772709270088202471e-28, -1.287508829759446769e+02
1.091719715089406984e-06, 8.546174612917840641e-01, -5.732188605993910701e-29, -1.315603598346524734e+02
1.090529181048960680e-06, 8.487618664884367670e-01, -1.692896674980659086e-28, -1.343860119183622999e+02
1.089341240764593544e-06, 8.416749532688506674e-01, -3.441262997176973809e-28, -1.372136188212080867e+02
1.088155885769202239e-06, 8.313180283353202027e-01, 8.788072421313270296e-29, -1.400400508767439476e+02
1.086973107632496541e-06, 8.182241667885161718e-01, -3.325690125885235535e-28, -1.428522847178843165e+02
1.085792897960800071e-06, 8.044079134692153632e-01, -4.459126197177865466e-29, -1.456814754497929698e+02
1.084615248396851242e-06, 7.889169483179826470e-01, -5.408880109348091797e-29, -1.484962802587942861e+02
1.083440150619606540e-06, 7.706639999144422326e-01, -4.015669957581300131e-28, -1.513218043799994348e+02
1.082267596344044220e-06, 7.521239438166467117e-01, -5.890482917454556150e-29, -1.541634120581142611e+02
1.081097577320969700e-06, 7.332156648053328452e-01, -2.539284465883641226e-28, -1.569711991641744362e+02
1.079930085336821805e-06, 7.133368773646650007e-01, -1.042299572737526149e-29, -1.598165587067729803e+02
1.078765112213481123e-06, 6.925855667379358094e-01, -2.650153946411758244e-28, -1.626368828873563643e+02
1.077602649808078579e-06, 6.728858601711907861e-01, -2.497086314855113041e-28, -1.654643197418672003e+02
1.076442690012806119e-06, 6.538230914307118224e-01, -1.270945068102640905e-28, -1.682959339599546809e+02
1.075285224754727825e-06, 6.339979759814191596e-01, 3.641920207823149483e-29, -1.711253240137556588e+02
1.074130245995592718e-06, 6.157649486097431790e-01, -6.075739461908525414e-28, -1.739375239681374978e+02
1.072977745731649050e-06, 5.981532879559006144e-01, 3.270242952990658775e-28, -1.767776129213551997e+02
1.071827715993458586e-06, 5.803546824479540733e-01, -5.748465261315957362e-28, -1.796093143687124893e+02
1.070680148845714074e-06, 5.630493448750044649e-01, -9.525587724088682165e-29, -1.824416565874034575e+02
1.069535036387055437e-06, 5.471001044584070661e-01, 1.883232639216191292e-29, -1.852837535041977048e+02
1.068392370749889777e-06, 5.311995941600679005e-01, -2.777903373383181694e-28, -1.881142060404353344e+02
1.067252144100210112e-06, 5.159421548599295582e-01, -1.885724673689007495e-28, -1.909501584242896399e+02
1.066114348637416650e-06, 5.018856970493447145e-01, -9.073820457973908280e-29, -1.937771497224475183e+02
1.064978976594139339e-06, 4.889744497201126694e-01, -2.548920258767821106e-28, -1.966108687540780409e+02
1.063846020236060408e-06, 4.767049242898370176e-01, 4.513308654418847685e-29, -1.994236502503431439e+02
1.062715471861739463e-06, 4.661425384478987133e-01, -4.365153305903675149e-28, -2.022776901006712649e+02
1.061587323802438141e-06, 4.570374615640308003e-01, -1.155230005769344739e-29, -2.051356642266249537e+02
1.060461568421947959e-06, 4.492627783576103595e-01, -2.320701711740668441e-28, -2.079722462857577909e+02
1.059338198116416244e-06, 4.432198214241461209e-01, -2.452498664805115785e-28, -2.108036643606317284e+02
1.058217205314176731e-06, 4.389714168057043953e-01, -1.974226748137092661e-28, -2.136232200257354350e+02
1.057098582475578243e-06, 4.362979853753458648e-01, 6.328862325217919572e-29, -2.164598889909824493e+02
1.055982322092816139e-06, 4.362478545327158064e-01, -6.644060124730651969e-28, -2.193145752050747319e+02
1.054868416689764598e-06, 4.382772256640896091e-01, 1.493437138044991518e-28, -2.221573610348650334e+02
1.053756858821809118e-06, 4.430743957282701206e-01, -1.483794111792377805e-28, -2.249927758945097480e+02
1.052647641075680923e-06, 4.504377248835280678e-01, -2.659623285167790667e-28, -2.278230745263775816e+02
1.051540756069292213e-06, 4.609851190481372707e-01, -4.338753065408478966e-28, -2.306660025710939692e+02
1.050436196451572263e-06, 4.753198173158124096e-01, 6.516060434982311641e-29, -2.335141936761118870e+02
1.049333954902305219e-06, 4.934397595284286675e-01, -2.807666895522683734e-28, -2.363751904524588099e+02
1.048234024131967253e-06, 5.158235364076914076e-01, -1.147239936869182417e-28, -2.392054410952414116e+02
1.047136396881567322e-06, 5.427023736276788135e-01, -1.841486981273327958e-28, -2.420439591119590830e+02
1.046041065922486232e-06, 5.744676655666489662e-01, -3.857124946864177890e-28, -2.448862693495684368e+02
1.044948024056318455e-06, 6.108769928000006288e-01, -1.168516627539578646e-28, -2.477233493211150233e+02
1.043857264114715002e-06, 6.522609633575175980e-01, -8.720567513770432214e-29, -2.505736809060262829e+02
1.042768778959225241e-06, 6.979897231155631765e-01, -3.232416786072954119e-28, -2.534410012965951751e+02
1.041682561481142739e-06, 7.472618775603954155e-01, -6.072008155891972985e-29, -2.562881252952271325e+02
1.040598604601349617e-06, 7.990429839750788910e-01, -3.225935363526502907e-28, -2.591284206745738743e+02
1.039516901270163238e-06, 8.510039712062721362e-01, -5.860668799816035121e-29, -2.619876075963156268e+02
1.038437444467182682e-06, 9.001563089083295388e-01, -1.982178936996948553e-28, -2.648177633960486332e+02
1.037360227201137975e-06, 9.431740183398467092e-01, -1.834979478599134498e-28, -2.676904746904330068e+02
1.036285242509737621e-06, 9.764349445087959767e-01, -2.826808425565103846e-28, -2.705402961943585751e+02
1.035212483459520586e-06, 9.958719665336869253e-01, 1.599125903539001181e-29, -2.733799950075984952e+02
1.034141943145705101e-06, 9.982940788472027815e-01, -3.934743668104227804e-28, -2.762397516390042256e+02
1.033073614692042123e-06, 9.814120083610970990e-01, -3.883225232515503957e-29, -2.790938565622136593e+02
1.032007491250667534e-06, 9.439562622727074581e-01, -3.788586691635479590e-28, -2.819419314889644852e+02
1.030943566001955386e-06, 8.877074974720239320e-01, -6.556547800274067281e-29, -2.848200032279297034e+02
1.029881832154373696e-06, 8.145500864835667487e-01, -3.018361637662236988e-28, -2.876480822229887053e+02
1.028822282944338335e-06, 7.291539369536350623e-01, -7.281042411540710318e-29, -2.905191046598391722e+02
1.027764911636070935e-06, 6.366345210816068967e-01, -2.473286718415742908e-28, -2.933852013372554097e+02
1.026709711521454894e-06, 5.421075907518779768e-01, -3.796669061138537543e-28, -2.962128406849468547e+02
1.025656675919894347e-06, 4.500135001771254362e-01, 7.034178568240797362e-29, -2.990949534192815804e+02
1.024605798178173134e-06, 3.645986287995597874e-01, -1.067650175977886625e-28, -3.019272719597849459e+02
1.023557071670314191e-06, 2.887538359893944695e-01, 7.256722029593287287e-28, -3.048008058555705020e+02
1.022510489797440640e-06, 2.234015207366001343e-01, 4.013809414183669820e-27, -3.076789957067115893e+02
1.021466045987637294e-06, 1.690178214078427721e-01, 1.651036273153896260e-26, -3.105181005679325494e+02
1.020423733695813231e-06, 1.258319211624663869e-01, 4.649278101007184462e-26, -3.134224530154663171e+02
1.019383546403564572e-06, 9.173142203286364926e-02, 8.582340501513212488e-26, -3.163151963130288209e+02
1.018345477619039591e-06, 6.618231806234853298e-02, 9.347047031292302259e-26, -3.192624550219971979e+02
1.017309520876802557e-06, 4.695121695539501705e-02, 1.226700302620544777e-25, -3.218963855413246051e+02
1.016275669737700109e-06, 3.294223076853323995e-02, 1.492505289063665633e-25, -3.247403457749810514e+02
1.015243917788727645e-06, 2.300783152606446572e-02, 8.323133032182513787e-26, -3.272786358134513307e+02
1.014214258642897386e-06, 1.622467470364983080e-02, 9.763595817937222661e-26, -3.245679610005773839e+02
1.013186685939105403e-06, 1.203216758705449689e-02, 4.449206003573930666e-26, -3.271327259612557441e+02
1.012161193342000953e-06, 9.256114759821406496e-03, 8.072064493580138513e-26, -3.290954050662273858e+02
1.011137774541857312e-06, 7.721540186094013290e-03, -2.519555654923866955e-26, -3.276182999028393965e+02
1.010116423254441328e-06, 7.082846249012038700e-03, 2.440969559614353487e-26, -3.251456700479923256e+02
1.009097133220884890e-06, 6.530451011032569440e-03, 1.037289928066401952e-26, -3.243405042791103483e+02
1.008079898207557442e-06, 6.405357672383802693e-03, -2.085431138257208564e-27, -3.231012282958989772e+02
1.007064712005938508e-06, 6.535310742825215305e-03, -6.774089699130244788e-27, -3.257755180510827131e+02
1.006051568432491909e-06, 6.392861234585510422e-03, 5.000731618283097774e-26, -3.267530819319947568e+02
1.005040461328539553e-06, 6.270474770063443407e-03, -1.462780048867562433e-26, -3.261019553841619540e+02
1.004031384560137345e-06, 6.384327059903402955e-03, -1.637708075332957858e-26, -3.270974392038106657e+02
1.003024332017950675e-06, 6.385740715602368153e-03, 1.393725912652726592e-26, -3.292427583211252227e+02
1.002019297617131172e-06, 6.406928869700914686e-03, -1.836050977427428731e-26, -3.275614288353152119e+02
1.001016275297194096e-06, 6.229532750898684676e-03, 1.964844109699795703e-26, -3.301473039402498557e+02
1.000015259021896792e-06, 6.131181190241401929e-03, -2.469240593913613622e-26, -3.289765056835494761e+02
9.990162427791177741e-07, 6.379516232782866773e-03, 1.198095120909051400e-26, -3.274273931439764169e+02
9.980192205807355977e-07, 6.266604945856076025e-03, 5.945438300981458209e-27, -3.272795236231111176e+02
9.970241864625094314e-07, 6.427623020825196098e-03, -2.235068412928550827e-26, -3.295328656149222297e+02
9.960311344839611055e-07, 6.407512070811492710e-03, 2.952894960724648803e-26, -3.264706210174546186e+02
9.950400587282556813e-07, 6.437383031610431801e-03, -5.298371924078500170e-26, -3.269061334748506624e+02
9.940509533020843481e-07, 6.365693129125634189e-03, 3.679772281012689793e-26, -3.277174154886334350e+02
9.930638123355481686e-07, 6.509099422061287790e-03, 6.526457701110562257e-28, -3.270326759514244372e+02
9.920786299820405527e-07, 6.438784860842471439e-03, -4.900355085148454517e-27, -3.243671431052973162e+02
9.910954004181337548e-07, 6.325897951576637396e-03, 3.070779729119761033e-26, -3.225675217602728821e+02
9.901141178434621958e-07, 6.261007515458534220e-03, -2.367825660947413194e-26, -3.234488943661878579e+02
9.891347764806102306e-07, 6.452855662323552302e-03, -8.171189687885114666e-27, -3.218488678525467321e+02
9.881573705749969518e-07, 6.366014560308308999e-03, 3.713858434699049036e-26, -3.249292547255848831e+02
9.871818943947648048e-07, 6.164682440777102639e-03, -2.975774029669662048e-26, -3.257171849291905801e+02
9.862083422306675680e-07, 6.381914487529090699e-03, -1.359122448019129077e-26, -3.270332650221542963e+02
9.852367083959574852e-07, 6.523909044382177232e-03, 2.299232327360196034e-26, -3.242474540913822239e+02
9.842669872262764221e-07, 6.262046567206699423e-03, -1.500492623528649237e-26, -3.245325666055260854e+02
9.832991730795446935e-07, 6.276284441838945669e-03, -5.129316420707821138e-27, -3.271242295105917037e+02
9.823332603358515837e-07, 6.464256392181594313e-03, 1.885007549849854994e-26, -3.264332603780592308e+02
9.813692433973473503e-07, 6.361669879556697792e-03, -2.169997334602257285e-26, -3.234565862541853676e+02
9.804071166881341683e-07, 6.324958633458640025e-03, 9.490877522489729706e-27, -3.230046499851832209e+02
9.794468746541596162e-07, 6.544210536743637341e-03, 3.299337375000942569e-28, -3.229440544779785114e+02
9.784885117631084671e-07, 6.244064254984227867e-03, 4.692659344235482366e-27, -3.215760620015207678e+02
9.775320225042980803e-07, 6.304647550713908533e-03, 3.983374920095196591e-28, -3.204913188598243323e+02
9.765774013885712517e-07, 6.380226134666764845e-03, -4.598304750633719818e-26, -3.185642180067209210e+02
9.756246429481920287e-07, 6.556105548935877228e-03, 7.156304798032960291e-26, -3.161961017202178255e+02
9.746737417367415250e-07, 6.335753787055287654e-03, -1.220474162003712436e-26, -3.178861544092628719e+02
9.737246923290135240e-07, 6.337770931189967531e-03, -1.710202418781449109e-26, -3.192829278093945504e+02
9.727774893209113524e-07, 6.262864946323143042e-03, 4.147539010804568533e-27, -3.219601385201758035e+02
9.718321273293458129e-07, 6.364232866168114712e-03, -1.661617431778357461e-26, -3.242830287889285614e+02
9.708886009921329048e-07, 6.387701152906706363e-03, 1.120368975853150066e-26, -3.243057347835791688e+02
9.699469049678921799e-07, 6.236462625028604302e-03, -3.027625468706800112e-27, -3.245857790131242382e+02
9.690070339359467931e-07, 6.259281876119840958e-03, 3.877261132420926175e-27, -3.247380909564944318e+02
9.680689825962216464e-07, 6.367979097251168230e-03, -2.013520114723392645e-26, -3.234640179964348476e+02
9.671327456691459798e-07, 6.212113358631653030e-03, 3.196089465708283753e-26, -3.207130576617998372e+02
9.661983178955525751e-07, 6.265953704728082635e-03, -7.349839521902276347e-27, -3.228650079785498974e+02
9.652656940365801345e-07, 6.462647839345470047e-03, -3.841059374112363373e-27, -3.239005536246926908e+02
9.643348688735746022e-07, 6.291812247446185863e-03, 3.078655827525237750e-27, -3.228997869653981070e+02
9.634058372079932370e-07, 6.233785395327920073e-03, 2.714192922835625613e-27, -3.201196065276228637e+02
9.624785938613059336e-07, 6.382007923723864197e-03, -1.101801149797447070e-26, -3.201111797235810172e+02
9.615531336749007782e-07, 6.242214144783877865e-03, 1.435532309305987226e-26, -3.181325077801295720e+02
9.606294515099874867e-07, 6.249360320734039832e-03, 1.487928647269453575e-26, -3.194965948452124280e+02
9.597075422475016901e-07, 6.351485956464540845e-03, -9.133868859345550100e-27, -3.183612671650379298e+02
9.587874007880123959e-07, 6.486755191546378883e-03, -2.092455571009918188e-26, -3.162937146120327725e+02
9.578690220516252151e-07, 6.366428190093884575e-03, 1.901718355172236744e-26, -3.174098319687470280e+02
9.569524009778917291e-07, 6.218569519884619042e-03, -2.315439393666484233e-26, -3.153057770214403490e+02
9.560375325257139871e-07, 6.362606124668098578e-03, 1.213845423668941914e-26, -3.129745686051844018e+02
9.551244116732540850e-07, 6.422869172117950422e-03, 7.079954702492402882e-27, -3.136420979069379200e+02
9.542130334178405687e-07, 6.419223556602543512e-03, -2.817730771762753668e-27, -3.116957319090914211e+02
9.533033927758788602e-07, 6.352532831623973822e-03, -2.937478084746431806e-27, -3.127606301663421391e+02
9.523954847827590364e-07, 6.418921765184603355e-03, -4.763025222153246746e-27, -3.144524568890390128e+02
9.514893044927658328e-07, 6.334200680156436281e-03, -8.550991642465681426e-27, -3.148154313706899075e+02
9.505848469789894925e-07, 6.355361482256871065e-03, -9.648872062212530787e-27, -3.171410570203798898e+02
